%!PS
%%BoundingBox: 64 21 108 44 
%%HiResBoundingBox: 64.41249 21.96632 107.21751 43.99751 
%%Creator: MetaPost 1.209
%%CreationDate: 2016.12.13:2120
%%Pages: 1
%%BeginProlog
%%EndProlog
%%Page: 1 1
 0 0 0 setrgbcolor 0 0.175 dtransform truncate idtransform setlinewidth pop
 [] 0 setdash 1 setlinecap 1 setlinejoin 10 setmiterlimit
newpath 64.5 38.44 moveto
65.29 38.15 65.58 37.72 65.83 37.43 curveto
66.07 37.13 66.86 36.32 67.36 35.65 curveto
67.85 34.97 68.21 33.74 68.21 33.44 curveto
68.21 33.15 68.91 31.91 69.7 31.53 curveto
70.48 31.15 70.73 30.74 71.14 30.45 curveto
71.54 30.16 72.76 29.78 73.12 29.57 curveto
73.48 29.37 75.86 28.25 76.38 28.02 curveto
76.89 27.8 77.12 26.47 77.12 26.07 curveto
77.12 25.66 78.29 25.01 78.72 24.38 curveto
79.14 23.75 80.97 23.68 81.55 23.68 curveto
82.14 23.68 83.62 23.05 83.98 22.83 curveto
84.34 22.6 86 22.11 86.68 22.06 curveto
87.35 22.02 88.34 22.18 89.42 22.38 curveto
90.5 22.59 92.21 23.67 92.71 23.56 curveto
93.2 23.44 95.04 23.17 96.73 24.25 curveto
98.42 25.33 101.23 25.58 101.8 25.58 curveto stroke
newpath 101.8 25.58 moveto
101.8 25.58 103.91 25.93 104.63 26.07 curveto
105.35 26.21 107.13 26.4 107.13 26.4 curveto stroke
newpath 105.96 30.93 moveto
105.06 30.59 103.83 29.45 103.83 29.45 curveto stroke
newpath 103.83 29.45 moveto
103.07 29.3 102.67 29.87 101.64 30.6 curveto
100.6 31.34 99.44 30.73 98.49 30.73 curveto
97.55 30.73 95.68 30.28 94.93 29.83 curveto
94.19 29.38 92.5 28.82 91.49 28.44 curveto
90.48 28.05 86.57 28.27 86.14 28.18 curveto
85.71 28.09 84.52 27.95 83.67 27.95 curveto
82.81 27.95 80.74 28.45 79.62 28.99 curveto
78.49 29.53 75.7 30.27 75.34 30.47 curveto
74.98 30.68 74.33 30.83 73.59 31.46 curveto
72.85 32.09 71.77 33.2 71.72 34.43 curveto
71.68 35.67 71.68 35.92 72.87 37.52 curveto
74.06 39.11 73.79 40.17 72.37 41.23 curveto stroke
newpath 72.37 41.23 moveto
72.37 41.23 71.2 41.77 71.16 42.44 curveto
71.11 43.12 70.44 43.57 69.99 43.91 curveto stroke
showpage
%%EOF
