%!PS
%%BoundingBox: -20 -36 -7 2 
%%HiResBoundingBox: -19.6526 -35.2162 -7.97333 1.84619 
%%Creator: MetaPost 1.209
%%CreationDate: 2016.12.13:2120
%%Pages: 1
%*Font: cmss10 3.985 9.96265 30:d14
%%BeginProlog
%%EndProlog
%%Page: 1 1
 0 0 0 setrgbcolor
newpath -7.97333 0.54 moveto
-7.97333 0.6505 -8.01723 0.75648 -8.09537 0.83463 curveto
-8.17351 0.91277 -8.2795 0.95667 -8.39 0.95667 curveto
-8.5005 0.95667 -8.60649 0.91277 -8.68463 0.83463 curveto
-8.76277 0.75648 -8.80667 0.6505 -8.80667 0.54 curveto
-8.80667 0.42949 -8.76277 0.3235 -8.68463 0.24536 curveto
-8.60649 0.16722 -8.5005 0.12332 -8.39 0.12332 curveto
-8.2795 0.12332 -8.17351 0.16722 -8.09537 0.24536 curveto
-8.01723 0.3235 -7.97333 0.42949 -7.97333 0.54 curveto closepath fill
-14.9926 -0.7662 moveto
(913) cmss10 3.985 fshow
newpath -12.63333 -33.91 moveto
-12.63333 -33.7995 -12.67723 -33.69351 -12.75537 -33.61537 curveto
-12.83351 -33.53723 -12.9395 -33.49333 -13.05 -33.49333 curveto
-13.1605 -33.49333 -13.2665 -33.53723 -13.34464 -33.61537 curveto
-13.42278 -33.69351 -13.46667 -33.7995 -13.46667 -33.91 curveto
-13.46667 -34.02051 -13.42278 -34.1265 -13.34464 -34.20464 curveto
-13.2665 -34.28278 -13.1605 -34.32668 -13.05 -34.32668 curveto
-12.9395 -34.32668 -12.83351 -34.28278 -12.75537 -34.20464 curveto
-12.67723 -34.1265 -12.63333 -34.02051 -12.63333 -33.91 curveto closepath fill
-19.6526 -35.2162 moveto
(913) cmss10 3.985 fshow
showpage
%%EOF
