%!PS
%%BoundingBox: -67 -15 -11 121 
%%HiResBoundingBox: -66.80751 -14.615 -11.66013 120.94 
%%Creator: MetaPost 1.209
%%CreationDate: 2016.12.13:2120
%%Pages: 1
%%BeginProlog
%%EndProlog
%%Page: 1 1
 0 0 0 setrgbcolor 0 0.5 dtransform truncate idtransform setlinewidth pop
 [] 0 setdash 1 setlinecap 1 setlinejoin 10 setmiterlimit
newpath -56.85 120.69 moveto
-56.85 120.69 -54.35 117.14 -53.81 116.21 curveto
-53.24 115.25 -49.55 112.09 -53.58 109.96 curveto
-57.65 107.81 -56.82 107.04 -56.64 105.79 curveto
-56.45 104.54 -55.41 101.54 -54.51 100.86 curveto
-53.61 100.18 -53.24 98.34 -52.93 97.31 curveto
-52.61 96.28 -50.92 91.73 -50.46 90.84 curveto
-50.01 89.95 -47.32 84.95 -47.1 84.46 curveto
-46.87 83.96 -44.63 81.48 -43.28 80.13 curveto
-41.93 78.78 -38.96 77.38 -38.15 75.22 curveto
-37.34 73.06 -37.03 71.44 -38.06 65.87 curveto
-39.09 60.3 -37.82 60.12 -36.03 58.68 curveto
-34.23 57.24 -34.32 56.56 -34.09 55.66 curveto
-33.87 54.76 -33.56 52.28 -33.2 51.92 curveto
-32.84 51.56 -32.03 51.2 -32.03 51.2 curveto
-32.03 51.2 -31.58 50.7 -31.49 49.85 curveto
-31.4 48.99 -32.29 46.61 -32.29 45.94 curveto
-32.29 45.26 -32.52 45.08 -31.75 44.09 curveto
-30.99 43.1 -30.54 42.88 -30.36 41.66 curveto
-30.18 40.45 -29.82 37.03 -32.79 34.78 curveto
-35.76 32.53 -34.41 32.08 -34.27 31.05 curveto
-34.14 30.01 -31.53 28.8 -30.31 28.48 curveto stroke
 0 0.175 dtransform truncate idtransform setlinewidth pop
newpath -57.03 117.18 moveto
-56.04483 116.58357 -55.87468 115.26419 -56.72241 114.69302 curveto
-57.61603 114.09096 -57.71475 112.8205 -56.89368 112.19406 curveto
-56.01437 111.52322 -56.44847 110.04584 -57.70616 109.83098 curveto
-58.85281 109.63509 -59.49332 108.4568 -58.89899 107.62332 curveto
-58.31126 106.79912 -58.77283 105.63997 -59.78256 105.2799 curveto
-60.74797 104.93565 -60.86592 103.57553 -59.97968 102.78886 curveto
-59.30763 102.19234 -59.71912 101.15868 -59.46 100.34 curveto
-59.46 100.34 lineto stroke
newpath -60.41623 102.09662 moveto
-59.99417 101.63348 -59.88872 100.84978 -59.46 100.34 curveto
-59.46 100.34 lineto
-59.46 100.34 lineto
-59.40266 101.00362 -58.92307 101.63232 -58.89401 102.25827 curveto
 closepath stroke
newpath -60.41623 102.09662 moveto
-59.99417 101.63348 -59.88872 100.84978 -59.46 100.34 curveto
-59.46 100.34 lineto
-59.46 100.34 lineto
-59.40266 101.00362 -58.92307 101.63232 -58.89401 102.25827 curveto
 closepath fill
newpath -41.34 75.28 moveto
-40.40637 75.03584 -40.14438 73.87103 -40.53014 72.85732 curveto
-40.91873 71.83615 -40.888 70.65091 -39.99074 70.36041 curveto
-38.64154 69.92361 -38.62125 68.17102 -39.7635 67.81651 curveto
-40.66429 67.53696 -40.57178 66.28677 -39.95216 65.27148 curveto
-39.44952 64.44786 -39.54753 63.38235 -40.25539 62.7435 curveto
-41.04129 62.0342 -40.70465 60.71112 -39.62932 60.28075 curveto
-38.57018 59.85686 -37.77063 58.93112 -38.26744 58.12584 curveto
-38.76152 57.32498 -37.69238 56.61815 -36.52614 56.25711 curveto
-35.68504 55.99673 -35.28775 55.11208 -34.68 54.49 curveto
-34.68 54.49 lineto stroke
newpath -36.47797 55.366 moveto
-35.85387 55.20709 -35.29471 54.75304 -34.68 54.49 curveto
-34.68 54.49 lineto
-34.68 54.49 lineto
-34.92865 55.11067 -35.00298 55.82712 -35.33191 56.3808 curveto
 closepath stroke
newpath -36.47797 55.366 moveto
-35.85387 55.20709 -35.29471 54.75304 -34.68 54.49 curveto
-34.68 54.49 lineto
-34.68 54.49 lineto
-34.92865 55.11067 -35.00298 55.82712 -35.33191 56.3808 curveto
 closepath fill
newpath -24.15 23.71 moveto
-23.07767 24.06465 -22.05772 23.09038 -21.88393 21.83293 curveto
-21.73848 20.78056 -20.90242 19.98117 -19.86935 19.69102 curveto
-18.1268 19.20161 -17.67921 17.4988 -18.65921 17.05847 curveto
-19.6308 16.62193 -19.42921 15.33362 -19.32433 14.2132 curveto
-19.22656 13.1688 -20.33473 12.58218 -20.91 11.74 curveto
-20.91 11.74 lineto stroke
newpath -20.27188 13.63551 moveto
-20.39224 13.01831 -20.77466 12.38588 -20.91 11.74 curveto
-20.91 11.74 lineto
-20.91 11.74 lineto
-20.35757 12.101 -19.63998 12.27777 -19.11844 12.62907 curveto
 closepath stroke
newpath -20.27188 13.63551 moveto
-20.39224 13.01831 -20.77466 12.38588 -20.91 11.74 curveto
-20.91 11.74 lineto
-20.91 11.74 lineto
-20.35757 12.101 -19.63998 12.27777 -19.11844 12.62907 curveto
 closepath fill
newpath -23.34 -6.62 moveto
-22.87311 -7.96298 -24.63377 -9.15038 -26.54538 -8.4528 curveto
-27.85487 -7.97495 -28.67433 -9.68367 -29.91 -9.95 curveto
-29.91 -9.95 lineto stroke
newpath -28.74817 -8.322 moveto
-29.08942 -8.90279 -29.37633 -9.58096 -29.91 -9.95 curveto
-29.91 -9.95 lineto
-29.91 -9.95 lineto
-29.27168 -10.06644 -28.58926 -9.78978 -27.93729 -9.6204 curveto
 closepath stroke
newpath -28.74817 -8.322 moveto
-29.08942 -8.90279 -29.37633 -9.58096 -29.91 -9.95 curveto
-29.91 -9.95 lineto
-29.91 -9.95 lineto
-29.27168 -10.06644 -28.58926 -9.78978 -27.93729 -9.6204 curveto
 closepath fill
 0 0.25 dtransform truncate idtransform setlinewidth pop
newpath -34.9 -14.49 moveto
-34.18 -14.17 -31.17 -13.28 -29.05 -12.15 curveto
-26.94 -11.03 -20.28 -7.07 -19.56 -6.26 curveto
-18.84 -5.45 -15.24 -2.89 -13.44 -1.22 curveto stroke
newpath -21.63 4.09 moveto
-23.34 4.32 -28.56 4.63 -29.14 5.71 curveto
-29.73 6.79 -18.03 12.46 -16.81 13.4 curveto
-15.6 14.35 -15.47 15.61 -15.74 17.32 curveto
-16.01 19.03 -18.61 21.55 -18.84 22.76 curveto
-19.07 23.98 -21.45 24.88 -23.2 26.09 curveto
-24.96 27.31 -30.31 28.48 -30.31 28.48 curveto stroke
newpath -13.44 -1.22 moveto
-12.63 -0.64 -11.19 1.88 -12.05 2.2 curveto
-12.9 2.51 -14.92 4.63 -17.04 4.49 curveto
-19.15 4.36 -21.63 4.09 -21.63 4.09 curveto stroke
newpath -35.76 28.35 moveto
-35.98 29.7 -30 26.77 -29.14 26.05 curveto
-28.29 25.33 -24.78 22.4 -22.98 20.24 curveto
-21.18 18.08 -21.13 14.39 -23.25 12.73 curveto
-25.36 11.07 -31.53 9.45 -31.53 7.92 curveto stroke
newpath -31.53 7.92 moveto
-31.53 7.92 -32.47 5.76 -33.01 4.27 curveto
-33.55 2.79 -33.78 3.84 -33.91 4.32 curveto stroke
newpath -19.6 -1.04 moveto
-19.29 -3.2 -24.55 -5.18 -26.22 -6.53 curveto
-27.88 -7.88 -32.79 -8.1 -32.79 -8.1 curveto stroke
 0 0.175 dtransform truncate idtransform setlinewidth pop
newpath -30.49 7.29 moveto
-29.96983 6.53261 -30.135 5.54716 -29.95102 4.65689 curveto
-29.71138 3.49731 -28.65533 2.67815 -27.60274 3.02335 curveto
-26.64493 3.33745 -25.62677 3.01048 -24.78416 2.44597 curveto
-23.67441 1.70248 -22.3562 1.1057 -21.92178 2.08371 curveto
-21.42813 3.19505 -19.69931 3.07477 -19.06049 1.71399 curveto
-18.6651 0.87178 -16.60205 1.78627 -16.63 0.45 curveto
-16.63 0.45 lineto stroke
newpath -18.62585 0.57875 moveto
-17.889 0.74715 -16.98055 1.34898 -16.63 0.45 curveto
-16.63 0.45 lineto
-16.63 0.45 lineto
-16.24217 1.33354 -17.31012 1.55037 -17.95023 1.95235 curveto
 closepath stroke
newpath -18.62585 0.57875 moveto
-17.889 0.74715 -16.98055 1.34898 -16.63 0.45 curveto
-16.63 0.45 lineto
-16.63 0.45 lineto
-16.24217 1.33354 -17.31012 1.55037 -17.95023 1.95235 curveto
 closepath fill
newpath -42.96 13.23 moveto
-66.72 13.22 lineto stroke
 0 0.5 dtransform truncate idtransform setlinewidth pop
newpath -62 119.47 moveto
-62 119.47 -59.42 119.31 -59.13 117.91 curveto
-58.85 116.59 -59.2 115.84 -59.42 115.17 curveto
-59.64 114.5 -57.85 113.22 -59.02 112.42 curveto
-60.16 111.63 -60.98 111.04 -61.06 110.33 curveto
-61.14 109.62 -62.94 106.14 -63.11 106.01 curveto
-63.29 105.88 -64.95 97.28 -65 96.73 curveto
-65.05 96.19 -64.47 95.37 -64.02 95.28 curveto
-63.57 95.19 -62.36 94.15 -62.45 93.11 curveto
-62.54 92.08 -61.82 90.14 -60.64 88.57 curveto
-59.47 87.01 -57.06 82.59 -53.13 81.93 curveto
-49.21 81.27 -49.48 81.22 -49.3 79.96 curveto
-49.12 78.7 -45.12 74.25 -44.71 73.17 curveto
-44.3 72.09 -42.64 71.55 -43.32 70.15 curveto
-43.99 68.75 -48.59 65.64 -46.74 61.23 curveto
-44.9 56.82 -43.19 54.98 -41.97 54.31 curveto
-40.75 53.63 -38.73 51.83 -38.15 50.71 curveto
-37.56 49.58 -37.43 47.96 -37.74 46.25 curveto
-38.05 44.54 -36.88 42.07 -36.88 40.54 curveto
-36.88 39.01 -37.33 37.57 -38.5 36.18 curveto
-39.67 34.78 -36.75 31.59 -39.31 32.71 curveto
-41.88 33.83 -41.11 32.31 -40.66 31.14 curveto
-40.21 29.97 -40.89 27.04 -40.44 25.87 curveto
-39.99 24.7 -40.39 24.57 -41.97 25.51 curveto
-43.54 26.46 -45.75 26.64 -44.67 24.97 curveto
-43.59 23.31 -41.43 21.28 -40.71 20.7 curveto
-39.99 20.11 -39.58 19.71 -39.99 18.31 curveto
-40.39 16.92 -40.62 16.47 -40.66 15.25 curveto
-40.71 14.04 -40.8 12.1 -40.75 10.8 curveto
-40.71 9.49 -37.51 8.1 -37.65 6.97 curveto
-37.78 5.85 -41.7 2.61 -41.29 1.57 curveto
-40.89 0.54 -40.93 -1.26 -41.02 -1.93 curveto stroke
newpath -33.91 4.32 moveto
-33.87 5.44 -34.45 4.82 -34.27 5.54 curveto
-34.09 6.25 -34.63 7.92 -35.49 8.28 curveto
-36.34 8.64 -37.11 10.62 -37.2 11.61 curveto
-37.29 12.6 -39 13.81 -38.5 14.98 curveto
-38.01 16.15 -35.44 18.18 -35.08 18.58 curveto
-34.72 18.99 -33.91 20.25 -34.54 21.42 curveto
-35.17 22.59 -35.44 25.65 -35.44 26.19 curveto
-35.44 26.73 -35.76 28.35 -35.76 28.35 curveto stroke
newpath -31.03 -1.84 moveto
-31.03 -1.84 -29.57 -0.42 -28.65 0.22 curveto stroke
 0 0.25 dtransform truncate idtransform setlinewidth pop
newpath -28.65 0.22 moveto
-28.65 0.22 -27.7 0.72 -26.76 0.67 curveto
-25.81 0.63 -19.83 -0.23 -19.6 -1.04 curveto stroke
showpage
%%EOF
