%!PS
%%BoundingBox: -88 -106 -38 9 
%%HiResBoundingBox: -87.29715 -105.74 -38.3827 8.17577 
%%Creator: MetaPost 1.209
%%CreationDate: 2016.12.13:2120
%%Pages: 1
%%BeginProlog
%%EndProlog
%%Page: 1 1
 0 0 0 setrgbcolor 0 0.5 dtransform truncate idtransform setlinewidth pop
 [] 0 setdash 1 setlinecap 1 setlinejoin 10 setmiterlimit
newpath -53.1 2.15 moveto
-53.1 2.15 -45.9 1.43 -45.54 -3.61 curveto
-45.18 -8.65 -44.82 -13.69 -44.82 -13.69 curveto
-44.82 -13.69 -45.9 -29.17 -45.9 -32.4 curveto
-45.9 -35.64 -46.26 -46.44 -46.62 -47.88 curveto
-46.98 -49.32 -42.66 -54.72 -52.39 -62.64 curveto
-62.11 -70.57 -79.75 -78.49 -79.75 -78.49 curveto
-79.75 -78.49 -88.03 -81.01 -86.95 -88.94 curveto
-85.88 -96.85 -83.72 -105.49 -83.72 -105.49 curveto stroke
newpath -74.71 -104.05 moveto
-74.71 -104.05 -79.75 -92.17 -78.31 -88.21 curveto
-76.87 -84.25 -68.95 -82.09 -67.51 -80.65 curveto
-66.07 -79.21 -48.06 -66.25 -48.06 -66.25 curveto
-48.06 -66.25 -40.5 -66.24 -40.5 -55.8 curveto
-40.5 -45.36 -39.42 -35.64 -39.42 -31.33 curveto
-39.42 -27.01 -39.78 -24.85 -39.06 -16.57 curveto
-38.34 -8.29 -37.98 8.28 -42.66 7.92 curveto
-47.34 7.55 -52.38 7.55 -52.38 7.55 curveto stroke
 0 0.175 dtransform truncate idtransform setlinewidth pop
newpath -68.23 -76.33 moveto
-68.16937 -77.33508 -69.27258 -77.99149 -70.38168 -77.72496 curveto
-71.38011 -77.48502 -72.38344 -78.1134 -72.53766 -79.11343 curveto
-72.68541 -80.07153 -73.68556 -80.61115 -74.69975 -80.49257 curveto
-75.69028 -80.37677 -76.66344 -80.90782 -76.87553 -81.8494 curveto
-77.08983 -82.80069 -78.08086 -83.33672 -79.07246 -83.16962 curveto
-80.20248 -82.97919 -81.17068 -83.93788 -80.8834 -84.96884 curveto
-80.6389 -85.8463 -81.31511 -86.62492 -82.00246 -87.26367 curveto
-82.85066 -88.05191 -83.21385 -89.23752 -82.43362 -89.7851 curveto
-81.6129 -90.3611 -81.62051 -91.57135 -82.34914 -92.34518 curveto
-83.01929 -93.05692 -82.10254 -93.96767 -81.91 -94.87 curveto
-81.91 -94.87 lineto stroke
newpath -83.25755 -93.39207 moveto
-83.00894 -93.91698 -82.28593 -94.32394 -81.91 -94.87 curveto
-81.91 -94.87 lineto
-81.91 -94.87 lineto
-81.78969 -94.21808 -82.01315 -93.41905 -81.8178 -92.87209 curveto
 closepath stroke
newpath -83.25755 -93.39207 moveto
-83.00894 -93.91698 -82.28593 -94.32394 -81.91 -94.87 curveto
-81.91 -94.87 lineto
-81.91 -94.87 lineto
-81.78969 -94.21808 -82.01315 -93.41905 -81.8178 -92.87209 curveto
 closepath fill
showpage
%%EOF
