%!PS
%%BoundingBox: -28 -54 26 54 
%%HiResBoundingBox: -27.45 -53.68 25.57751 53.61 
%%Creator: MetaPost 1.209
%%CreationDate: 2016.12.13:2120
%%Pages: 1
%%BeginProlog
%%EndProlog
%%Page: 1 1
 0 0 0 setrgbcolor 0 0.5 dtransform truncate idtransform setlinewidth pop
 [] 0 setdash 1 setlinecap 1 setlinejoin 10 setmiterlimit
newpath -27.2 51.27 moveto
-26.18 49.22 -25.31 47.47 -25.06 45.5 curveto
-24.82 43.53 -24.47 37.03 -24.14 35.7 curveto
-23.82 34.38 -21.55 24.8 -21.41 22.77 curveto
-21.28 20.73 -19.79 17.25 -19.25 16.9 curveto
-18.72 16.54 -17.8 12.66 -17.15 10.4 curveto
-16.51 8.13 -14.96 0.74 -14.97 -0.33 curveto
-14.97 -1.41 -14.63 -4.81 -14.73 -5.89 curveto
-14.83 -6.97 -15.1 -8.04 -15.33 -8.54 curveto
-15.56 -9.03 -15.92 -10.64 -16.33 -11.23 curveto
-16.73 -11.81 -17.09 -12.58 -17.09 -13.39 curveto
-17.09 -14.2 -17.41 -15.28 -17.54 -16.4 curveto
-17.67 -17.53 -17.98 -20.14 -18.48 -21.54 curveto
-18.97 -22.94 -19.56 -25.23 -19.38 -26.8 curveto
-19.2 -28.38 -18.85 -30.76 -18.67 -31.84 curveto
-18.49 -32.91 -18.23 -37.68 -18.04 -38.22 curveto
-17.86 -38.76 -15.25 -45.47 -14.57 -46.28 curveto
-13.9 -47.09 -11.65 -51.63 -9.5 -53.43 curveto stroke
newpath -1.53 -49.56 moveto
-1.53 -49.11 -1.62 -46.14 -1.17 -44.21 curveto
-0.71 -42.28 -4.45 -39.67 -6.74 -38.37 curveto
-9.04 -37.06 -10.93 -36.74 -11.2 -35.48 curveto
-11.47 -34.22 -11.29 -33.41 -11.02 -32.52 curveto
-10.74 -31.62 -10.34 -30.13 -10.7 -29.59 curveto
-11.06 -29.05 -13.53 -22.57 -13.53 -20.5 curveto
-13.54 -18.43 -12.15 -13.16 -11.7 -12.17 curveto
-11.25 -11.18 -9.83 -6.52 -10.49 -3.74 curveto
-11.15 -0.96 -11.81 6.01 -12.31 7.41 curveto
-12.81 8.81 -13.14 9.94 -13.19 11.16 curveto
-13.24 12.38 -12.12 13.5 -10.94 14.76 curveto
-9.76 16.01 -5.32 15.88 -5.59 20.41 curveto
-5.86 24.91 -6.15 28.29 -7.5 28.69 curveto
-8.84 29.1 -12.85 32.14 -14.04 34.39 curveto
-15.24 36.64 -18.84 40.26 -19.67 41.78 curveto
-20.51 43.29 -21.05 47.22 -22.22 48.98 curveto
-23.43 50.81 -23.04 52.3 -23.62 53.36 curveto stroke
 0 0.175 dtransform truncate idtransform setlinewidth pop
newpath -15.29 -29.72 moveto
-14.76862 -30.6051 -14.84262 -31.74376 -15.65479 -32.28645 curveto
-16.76031 -33.02519 -16.65686 -34.5616 -15.61015 -34.87903 curveto
-14.54352 -35.2025 -14.2746 -36.61354 -15.13963 -37.42809 curveto
-15.8946 -38.13899 -15.39223 -39.45343 -14.19846 -39.8421 curveto
-13.28668 -40.13896 -12.75766 -41.06744 -12.82283 -42.03802 curveto
-12.8886 -43.01767 -11.90964 -43.70255 -10.83621 -43.67715 curveto
-9.92378 -43.65558 -9.46362 -44.62384 -9.04 -45.47 curveto
-9.04 -45.47 lineto stroke
newpath -10.73824 -44.41354 moveto
-10.1394 -44.50163 -9.56778 -45.01273 -9.04 -45.47 curveto
-9.04 -45.47 lineto
-9.04 -45.47 lineto
-9.08984 -44.77344 -9.13263 -44.00786 -9.49376 -43.52213 curveto
 closepath stroke
newpath -10.73824 -44.41354 moveto
-10.1394 -44.50163 -9.56778 -45.01273 -9.04 -45.47 curveto
-9.04 -45.47 lineto
-9.04 -45.47 lineto
-9.08984 -44.77344 -9.13263 -44.00786 -9.49376 -43.52213 curveto
 closepath fill
newpath -21.2 37.85 moveto
-20.05121 37.45537 -19.51291 36.17937 -20.20467 35.3574 curveto
-20.86427 34.57364 -20.35454 33.39182 -19.34067 32.81703 curveto
-17.80838 31.94835 -17.89076 30.26701 -18.87341 30.17586 curveto
-19.88728 30.08182 -20.05054 28.38179 -18.57765 27.50824 curveto
-17.69269 26.98338 -18.40106 25.81372 -18.42 24.83 curveto
-18.42 24.83 lineto stroke
newpath -18.91943 26.76663 moveto
-18.64699 26.25546 -18.66084 25.44467 -18.42 24.83 curveto
-18.42 24.83 lineto
-18.42 24.83 lineto
-18.15565 25.43494 -17.57253 25.99844 -17.40372 26.55255 curveto
 closepath stroke
newpath -18.91943 26.76663 moveto
-18.64699 26.25546 -18.66084 25.44467 -18.42 24.83 curveto
-18.42 24.83 lineto
-18.42 24.83 lineto
-18.15565 25.43494 -17.57253 25.99844 -17.40372 26.55255 curveto
 closepath fill
newpath -10.37 2.94 moveto
0.36 13.34 lineto
25.49 13.29 lineto stroke
showpage
%%EOF
