%!PS
%%BoundingBox: -26 -11 28 11 
%%HiResBoundingBox: -25.8475 -10.0075 27.52 10.17 
%%Creator: MetaPost 1.209
%%CreationDate: 2016.12.13:2120
%%Pages: 1
%%BeginProlog
%%EndProlog
%%Page: 1 1
 0 0 0 setrgbcolor 0 0.5 dtransform truncate idtransform setlinewidth pop
 [] 0 setdash 1 setlinecap 1 setlinejoin 10 setmiterlimit
newpath 27.27 -3.98 moveto
26.15 -3.13 22.79 -2.41 22.46 -1.42 curveto
22.12 -0.43 22.79 4.5 21.96 4.97 curveto
21.13 5.44 19.26 6.3 18.77 6.95 curveto
18.27 7.6 18.41 8.28 18.27 8.8 curveto
18.14 9.31 17.82 8.75 18.09 9.92 curveto stroke
newpath 13.95 9.52 moveto
14.53 9.18 15.79 8.33 16.38 7.4 curveto
17.37 5.85 17.48 5.87 18.09 5.47 curveto
18.7 5.06 20.68 3.49 20.79 1.96 curveto
20.9 0.43 20.86 -3.2 20.84 -3.67 curveto
20.81 -4.14 20.54 -4.82 20.12 -5.87 curveto
19.69 -6.93 19.89 -8.62 20.25 -9.07 curveto stroke
 0 0.25 dtransform truncate idtransform setlinewidth pop
newpath 14.5337 2.25826 moveto
18.86946 -5.62857 lineto stroke
newpath 14.50049 0.24294 moveto
14.98108 0.79192 14.89519 1.60071 14.5337 2.25826 curveto stroke
newpath 16.25308 1.20644 moveto
15.53204 1.0948 14.89519 1.60071 14.5337 2.25826 curveto stroke
newpath 18.86946 -5.62857 moveto
20.22751 -6.02312 lineto stroke
newpath 18.38773 -4.75227 moveto
19.74576 -5.14682 lineto stroke
newpath 17.90598 -3.87598 moveto
19.26402 -4.27052 lineto stroke
 0.00002 0.00018 0.00027 setrgbcolor
newpath 18.1365 -1.1816 moveto
17.94484 -0.83296 17.62253 -0.57477 17.24051 -0.46378 curveto
16.85849 -0.35278 16.44801 -0.39807 16.09938 -0.58974 curveto
15.75075 -0.7814 15.49255 -1.1037 15.38159 -1.48572 curveto
15.2706 -1.86774 15.31587 -2.27821 15.50754 -2.62685 curveto
15.69919 -2.97548 16.0215 -3.23366 16.40352 -3.34465 curveto
16.78554 -3.45564 17.19601 -3.41037 17.54465 -3.2187 curveto
17.89328 -3.02704 18.15147 -2.70473 18.26244 -2.32271 curveto
18.37343 -1.94069 18.32816 -1.53023 18.1365 -1.1816 curveto closepath fill
 0 0 0 setrgbcolor
newpath 16.304 -2.7596 moveto
17.34006 -1.04889 lineto stroke
newpath 17.8218 -1.92519 moveto
15.82227 -1.8833 lineto stroke
newpath 17.30376 -2.78052 moveto
16.34027 -1.02791 lineto stroke
 0.00002 0.00018 0.00027 setrgbcolor
newpath 17.47926 -1.54291 moveto
17.38342 -1.36858 17.22227 -1.23949 17.03125 -1.184 curveto
16.84026 -1.12851 16.63501 -1.15112 16.4607 -1.24696 curveto
16.28638 -1.3428 16.1573 -1.50397 16.1018 -1.69496 curveto
16.04631 -1.88597 16.06894 -2.0912 16.16478 -2.26553 curveto
16.2606 -2.43985 16.42175 -2.56894 16.61278 -2.62442 curveto
16.80379 -2.67993 17.00902 -2.6573 17.18333 -2.56146 curveto
17.35765 -2.46562 17.48674 -2.30447 17.54222 -2.11346 curveto
17.59772 -1.92245 17.57509 -1.71722 17.47926 -1.54291 curveto closepath fill
 0 0 0 setrgbcolor
newpath 17.26018 -1.66335 moveto
17.19629 -1.54713 17.08885 -1.46106 16.9615 -1.42407 curveto
16.83417 -1.38708 16.69736 -1.40218 16.58115 -1.46606 curveto
16.46494 -1.52995 16.37888 -1.63739 16.34187 -1.76471 curveto
16.30489 -1.89206 16.31998 -2.02888 16.38387 -2.1451 curveto
16.44774 -2.2613 16.55518 -2.34737 16.68253 -2.38435 curveto
16.80986 -2.42136 16.94669 -2.40627 17.0629 -2.34238 curveto
17.17911 -2.27849 17.26515 -2.17105 17.30215 -2.04372 curveto
17.33914 -1.91637 17.32405 -1.77956 17.26018 -1.66335 curveto closepath stroke
 0 0.175 dtransform truncate idtransform setlinewidth pop
newpath 19.53 -9.92 moveto
-25.76 -9.86 lineto stroke
showpage
%%EOF
