%!PS
%%BoundingBox: -23 -30 21 30 
%%HiResBoundingBox: -22.92958 -29.53 20.40752 29.3475 
%%Creator: MetaPost 1.209
%%CreationDate: 2016.12.13:2120
%%Pages: 1
%%BeginProlog
%%EndProlog
%%Page: 1 1
 0 0 0 setrgbcolor 0 0.175 dtransform truncate idtransform setlinewidth pop
 [] 0 setdash 1 setlinecap 1 setlinejoin 10 setmiterlimit
newpath -6.43 -16.23 moveto
-4.68 -14.25 lineto stroke
 0 0.5 dtransform truncate idtransform setlinewidth pop
newpath -5.35 -28.15 moveto
-5.35 -28.15 -6.57 -25.23 -7.06 -23.7 curveto
-7.56 -22.17 -9.18 -20.41 -9.09 -19.33 curveto
-9 -18.25 -10.26 -16.59 -9.58 -16.59 curveto
-8.91 -16.59 -8.32 -16.99 -8.32 -16.99 curveto stroke
newpath -7.51 -16.81 moveto
-7.51 -16.81 -8.64 -14.83 -8.59 -14.29 curveto
-8.55 -13.75 -8.95 -12.76 -8.95 -12.22 curveto
-8.95 -11.68 -10.08 -7.63 -10.08 -7.63 curveto
-10.08 -7.63 -11.57 -5.92 -12.2 -5.25 curveto
-12.83 -4.57 -15.03 -3.95 -15.43 -3.5 curveto
-15.84 -3.05 -16.29 -1.79 -16.24 -1.07 curveto
-16.2 -0.35 -16.15 -0.26 -16.2 0.87 curveto
-16.25 1.99 -16.47 2.85 -16.61 3.34 curveto
-16.74 3.84 -17.1 4.74 -16.97 5.41 curveto
-16.83 6.09 -17.01 7.66 -17.19 8.02 curveto
-17.37 8.38 -17.91 11.17 -17.91 11.17 curveto
-17.82 12.52 lineto stroke
newpath -19.53 12.47 moveto
-19.08 10.94 lineto
-19.08 10.94 -18.77 9.95 -18.77 9.64 curveto
-18.77 9.32 -18.36 7.61 -18.32 7.39 curveto
-18.27 7.16 -18 5.95 -18.13 5.46 curveto
-18.27 4.96 -18.63 4.6 -18.36 3.7 curveto
-18.09 2.8 -17.86 1.9 -17.82 1.36 curveto
-17.77 0.82 -17.68 -0.57 -17.68 -0.98 curveto
-17.68 -1.38 -17.32 -2.96 -17.37 -3.32 curveto
-17.41 -3.68 -19.26 -4.26 -19.26 -4.26 curveto
-20.83 -5.29 lineto stroke
 0.175 0 dtransform exch truncate exch idtransform pop setlinewidth
newpath -4.68 -14.25 moveto
-4.69 7.39 lineto stroke
 0 0.25 dtransform truncate idtransform setlinewidth pop
newpath -18.97324 14.70088 moveto
-21.55942 23.32132 lineto stroke
newpath -18.51831 16.66446 moveto
-19.1033 16.22842 -19.18886 15.41959 -18.97324 14.70088 curveto stroke
newpath -20.43393 16.08975 moveto
-19.7055 16.04776 -19.18886 15.41959 -18.97324 14.70088 curveto stroke
newpath -21.55942 23.32132 moveto
-22.80458 23.99178 lineto stroke
newpath -21.27208 22.36351 moveto
-22.51723 23.03397 lineto stroke
newpath -20.98473 21.4057 moveto
-22.22989 22.07616 lineto stroke
 0.00002 0.00018 0.00046 setrgbcolor
newpath -21.77492 18.8195 moveto
-21.6606 18.43845 -21.39957 18.11842 -21.04929 17.92984 curveto
-20.69904 17.74123 -20.28818 17.69946 -19.90712 17.81378 curveto
-19.52606 17.9281 -19.20605 18.18913 -19.01746 18.5394 curveto
-18.82886 18.88966 -18.7871 19.3005 -18.90141 19.68156 curveto
-19.01573 20.06262 -19.27676 20.38264 -19.62703 20.57123 curveto
-19.97728 20.75984 -20.38814 20.8016 -20.7692 20.68729 curveto
-21.15025 20.57297 -21.47026 20.31194 -21.65886 19.96167 curveto
-21.84747 19.6114 -21.88924 19.20056 -21.77492 18.8195 curveto closepath fill
 0 0 0 setrgbcolor
newpath -19.65236 19.97833 moveto
-21.02399 18.52281 lineto stroke
newpath -21.31133 19.48062 moveto
-19.36502 19.02052 lineto stroke
newpath -20.6255 20.20834 moveto
-20.05081 18.29272 lineto stroke
 0.00002 0.00018 0.00046 setrgbcolor
newpath -21.05655 19.03502 moveto
-20.99937 18.84448 -20.86885 18.68448 -20.69373 18.5902 curveto
-20.5186 18.4959 -20.31317 18.47499 -20.12263 18.53215 curveto
-19.9321 18.58931 -19.77211 18.71983 -19.67783 18.89497 curveto
-19.58351 19.0701 -19.5626 19.27551 -19.61978 19.46605 curveto
-19.67694 19.65659 -19.80746 19.81659 -19.9826 19.91087 curveto
-20.15773 20.00517 -20.36314 20.02608 -20.55368 19.96892 curveto
-20.74422 19.91176 -20.90422 19.78123 -20.9985 19.6061 curveto
-21.0928 19.43097 -21.11371 19.22556 -21.05655 19.03502 curveto closepath fill
 0 0 0 setrgbcolor
newpath -20.81708 19.10686 moveto
-20.77896 18.97984 -20.69197 18.87317 -20.57521 18.8103 curveto
-20.45845 18.74744 -20.3215 18.73352 -20.19449 18.77162 curveto
-20.06747 18.80972 -19.9608 18.89673 -19.89793 19.01349 curveto
-19.83507 19.13025 -19.82114 19.2672 -19.85925 19.39421 curveto
-19.89735 19.52122 -19.98436 19.6279 -20.10112 19.69077 curveto
-20.21786 19.75363 -20.35483 19.76755 -20.48184 19.72945 curveto
-20.60886 19.69135 -20.71552 19.60434 -20.7784 19.48758 curveto
-20.84126 19.37082 -20.85518 19.23387 -20.81708 19.10686 curveto closepath
 stroke
 1 0 0 setrgbcolor
newpath -22.73003 28.26999 moveto
-22.73003 28.93669 -21.72997 28.93669 -21.72997 28.26999 curveto
-21.72997 27.80458 -22.23 27.4854 -22.23 27.01999 curveto stroke
 0 0.6 dtransform truncate idtransform setlinewidth pop
newpath -22.23 26.27002 moveto 0 0 rlineto stroke
 0 0 0 setrgbcolor 0 0.5 dtransform truncate idtransform setlinewidth pop
newpath -18.31 -12.45 moveto
-18.31 -12.45 -15.93 -11.5 -14.62 -12.67 curveto
-13.32 -13.84 -12.24 -16.23 -11.92 -17.08 curveto
-11.61 -17.94 -10.93 -19.96 -10.75 -20.32 curveto
-10.57 -20.68 -9.94 -22.48 -9.81 -24.1 curveto
-9.67 -25.72 -8.19 -29.28 -8.19 -29.28 curveto stroke
 0 0.25 dtransform truncate idtransform setlinewidth pop
newpath -6.76733 -18.16592 moveto
-2.03812 -25.82327 lineto stroke
newpath -6.69855 -20.18033 moveto
-6.24634 -19.60776 -6.37305 -18.80434 -6.76733 -18.16592 curveto stroke
newpath -4.99695 -19.12943 moveto
-5.71143 -19.27737 -6.37305 -18.80434 -6.76733 -18.16592 curveto stroke
newpath -2.03812 -25.82327 moveto
-0.66187 -26.14862 lineto stroke
newpath -2.56358 -24.97247 moveto
-1.18732 -25.29782 lineto stroke
newpath -3.08904 -24.12167 moveto
-1.71278 -24.44702 lineto stroke
 0.00002 0.00018 0.00046 setrgbcolor
newpath -2.99515 -21.41907 moveto
-3.2042 -21.08058 -3.53915 -20.83904 -3.9263 -20.74751 curveto
-4.31343 -20.656 -4.7211 -20.722 -5.05959 -20.93105 curveto
-5.39807 -21.14009 -5.6396 -21.47507 -5.73114 -21.8622 curveto
-5.82266 -22.24934 -5.75665 -22.657 -5.5476 -22.99548 curveto
-5.33855 -23.33398 -5.0036 -23.57553 -4.61646 -23.66704 curveto
-4.22931 -23.75856 -3.82166 -23.69257 -3.48317 -23.48352 curveto
-3.14468 -23.27448 -2.90314 -22.9395 -2.81161 -22.55235 curveto
-2.7201 -22.16522 -2.78609 -21.75757 -2.99515 -21.41907 curveto closepath fill
 0 0 0 setrgbcolor
newpath -4.74544 -23.08778 moveto
-3.79727 -21.32684 lineto stroke
newpath -3.2718 -22.17766 moveto
-5.2709 -22.23697 lineto stroke
newpath -3.74591 -23.05809 moveto
-4.79683 -21.35648 lineto stroke
 0.00002 0.00018 0.00046 setrgbcolor
newpath -3.63326 -21.81317 moveto
-3.73778 -21.64392 -3.90526 -21.52316 -4.09883 -21.4774 curveto
-4.2924 -21.43166 -4.49623 -21.46461 -4.66548 -21.56915 curveto
-4.83473 -21.67369 -4.95549 -21.84117 -5.00124 -22.03474 curveto
-5.04701 -22.2283 -5.01402 -22.43213 -4.9095 -22.60138 curveto
-4.80496 -22.77063 -4.63748 -22.8914 -4.44391 -22.93715 curveto
-4.25034 -22.98291 -4.04651 -22.94995 -3.87726 -22.84541 curveto
-3.70801 -22.74088 -3.58725 -22.5734 -3.5415 -22.3798 curveto
-3.49573 -22.18626 -3.52872 -21.98242 -3.63326 -21.81317 curveto closepath fill
 0 0 0 setrgbcolor
newpath -3.84596 -21.94453 moveto
-3.91565 -21.83171 -4.0273 -21.7512 -4.15636 -21.7207 curveto
-4.2854 -21.6902 -4.42128 -21.71219 -4.5341 -21.78188 curveto
-4.64693 -21.85156 -4.72745 -21.96321 -4.75795 -22.09225 curveto
-4.78847 -22.2213 -4.76648 -22.3572 -4.6968 -22.47002 curveto
-4.6271 -22.58286 -4.51546 -22.66336 -4.3864 -22.69386 curveto
-4.25735 -22.72437 -4.12146 -22.70238 -4.00864 -22.63269 curveto
-3.89581 -22.563 -3.8153 -22.45135 -3.7848 -22.32231 curveto
-3.75429 -22.19327 -3.77628 -22.05737 -3.84596 -21.94453 curveto closepath
 stroke
 0 0.175 dtransform truncate idtransform setlinewidth pop
newpath -18.36 13.19 moveto
-1.81 29.25 lineto stroke
newpath -1.81 29.25 moveto
20.32 29.26 lineto stroke
newpath 5.93 18.41 moveto
-4.69 7.39 lineto stroke
showpage
%%EOF
