%!PS
%%BoundingBox: -31 -132 41 132 
%%HiResBoundingBox: -30.2048 -131.8475 40.9275 131.8475 
%%Creator: MetaPost 1.209
%%CreationDate: 2016.12.13:2120
%%Pages: 1
%%BeginProlog
%%EndProlog
%%Page: 1 1
 0 0 0 setrgbcolor 0 0.175 dtransform truncate idtransform setlinewidth pop
 [] 0 setdash 1 setlinecap 1 setlinejoin 10 setmiterlimit
newpath 32.21 -42.48 moveto
36.53 -30.96 lineto
36.53 -30.96 39.77 -21.6 39.77 -19.45 curveto
39.77 -17.29 39.41 -1.81 37.25 2.51 curveto
35.09 6.83 32.93 18.35 31.85 19.8 curveto
30.77 21.24 31.49 44.28 29.34 46.08 curveto
27.18 47.88 22.14 61.02 20.34 64.62 curveto
18.54 68.22 4.32 91.8 4.32 93.96 curveto
4.32 96.12 -1.27 103.32 -0.91 106.56 curveto
-0.55 109.8 -2.71 118.8 -3.07 124.92 curveto
-3.43 131.04 -15.31 131.76 -15.31 131.76 curveto stroke
newpath -21.07 128.52 moveto
-21.07 128.52 -17.47 123.48 -18.19 122.04 curveto
-18.91 120.6 -19.99 117 -22.51 113.76 curveto
-25.02 110.51 -29.7 101.87 -30.06 99.36 curveto
-30.42 96.84 -28.98 82.44 -28.62 81 curveto
-28.26 79.56 -26.1 74.88 -24.3 71.64 curveto
-22.5 68.4 -19.26 58.5 -18.9 57.06 curveto
-18.54 55.62 -16.74 44.64 -17.47 38.88 curveto
-18.19 33.12 -14.23 23.58 -13.15 21.06 curveto
-12.07 18.54 -9.55 11.34 -9.55 11.34 curveto
-9.55 11.34 -7.75 1.8 -7.39 -0.36 curveto
-7.03 -2.52 0.17 -14.4 0.17 -14.4 curveto
4.85 -26.28 lineto
10.25 -41.4 lineto
11.69 -48.6 lineto stroke
newpath 11.69 -48.6 moveto
11.69 -48.6 14.92 -51.84 15.64 -55.08 curveto
16.36 -58.32 18.52 -65.88 18.88 -68.4 curveto
19.24 -70.92 23.92 -85.68 24.64 -87.84 curveto
25.36 -90 25.36 -94.68 25.36 -96.48 curveto
25.36 -98.28 26.8 -101.16 28.24 -104.76 curveto
29.68 -108.36 31.48 -116.64 31.84 -118.44 curveto
32.2 -120.24 34 -131.76 34 -131.76 curveto stroke
newpath 39.76 -128.88 moveto
38.68 -127.08 40.84 -121.32 40.84 -121.32 curveto
36.16 -110.88 lineto
36.16 -110.88 33.28 -101.16 32.92 -99 curveto
32.56 -96.84 33.28 -92.52 33.64 -90.72 curveto
34 -88.92 28.6 -81 27.52 -75.24 curveto
26.44 -69.48 28.24 -66.24 30.76 -61.2 curveto
33.28 -56.16 32.21 -42.48 32.21 -42.48 curveto stroke
newpath 8.09 26.28 moveto
8.09 26.28 21.46 39.64 23.21 39.24 curveto
27.89 38.16 26.81 29.16 26.81 29.16 curveto
26.81 29.16 22.49 20.16 22.49 17.64 curveto
22.49 15.12 24.29 9.72 24.29 9.72 curveto
26.81 4.32 lineto
31.85 -2.52 lineto
34.01 -10.08 lineto
34.37 -20.16 lineto
34.01 -27 lineto
34.01 -27 32.57 -30.96 31.13 -32.4 curveto
29.69 -33.84 27.53 -41.4 27.53 -41.4 curveto
27.53 -41.4 22.49 -35.64 21.77 -33.84 curveto
21.05 -32.04 18.89 -21.6 18.89 -21.6 curveto
18.89 -21.6 12.05 -11.52 11.33 -6.12 curveto
10.61 -0.72 8.45 8.64 8.09 14.04 curveto
7.73 19.44 8.09 26.28 8.09 26.28 curveto stroke
showpage
%%EOF
