%!PS
%%BoundingBox: -8 -11 19 13 
%%HiResBoundingBox: -7.16759 -10.4299 18.2876 12.8599 
%%Creator: MetaPost 1.209
%%CreationDate: 2016.12.13:2120
%%Pages: 1
%*Font: cmss10 3.985 9.96265 31:dc0000004
%%BeginProlog
%%EndProlog
%%Page: 1 1
 0 0 0 setrgbcolor
newpath 10.29668 9.81 moveto
10.29668 9.9205 10.25278 10.02649 10.17464 10.10463 curveto
10.0965 10.18277 9.99051 10.22667 9.88 10.22667 curveto
9.7695 10.22667 9.66351 10.18277 9.58537 10.10463 curveto
9.50723 10.02649 9.46333 9.9205 9.46333 9.81 curveto
9.46333 9.6995 9.50723 9.5935 9.58537 9.51537 curveto
9.66351 9.43723 9.7695 9.39333 9.88 9.39333 curveto
9.99051 9.39333 10.0965 9.43723 10.17464 9.51537 curveto
10.25278 9.5935 10.29668 9.6995 10.29668 9.81 curveto closepath fill
10.3175 10.2475 moveto
(1216) cmss10 3.985 fshow
newpath 1.65668 -7.38 moveto
1.65668 -7.2695 1.61278 -7.16351 1.53464 -7.08537 curveto
1.4565 -7.00723 1.35051 -6.96333 1.24 -6.96333 curveto
1.1295 -6.96333 1.02351 -7.00723 0.94537 -7.08537 curveto
0.86723 -7.16351 0.82333 -7.2695 0.82333 -7.38 curveto
0.82333 -7.49051 0.86723 -7.5965 0.94537 -7.67464 curveto
1.02351 -7.75278 1.1295 -7.79668 1.24 -7.79668 curveto
1.35051 -7.79668 1.4565 -7.75278 1.53464 -7.67464 curveto
1.61278 -7.5965 1.65668 -7.49051 1.65668 -7.38 curveto closepath fill
-7.16759 -10.4299 moveto
(1215) cmss10 3.985 fshow
showpage
%%EOF
