%!PS
%%BoundingBox: -32 -44 35 44 
%%HiResBoundingBox: -31.24751 -43.44751 34.61 43.61 
%%Creator: MetaPost 1.209
%%CreationDate: 2016.12.13:2120
%%Pages: 1
%%BeginProlog
%%EndProlog
%%Page: 1 1
 0 0 0 setrgbcolor 0 0.5 dtransform truncate idtransform setlinewidth pop
 [] 0 setdash 1 setlinecap 1 setlinejoin 10 setmiterlimit
newpath 31.52 -43 moveto
31.52 -42.73 32.06 -42.32 32.69 -42.01 curveto
33.32 -41.69 34.36 -40.7 34.36 -40.12 curveto
34.36 -39.53 33.14 -31.79 32.65 -29.99 curveto
32.15 -28.19 31.16 -25.49 31.16 -24.46 curveto
31.16 -23.42 28.91 -18.79 28.19 -16.76 curveto stroke
 0 0.25 dtransform truncate idtransform setlinewidth pop
newpath 27.18355 -14.73518 moveto
27.14491 -15.66678 27.55019 -16.002 27.47908 -16.78708 curveto
28.17143 -16.59921 28.49777 -16.01968 29.03043 -15.54636 curveto
28.45038 -14.96815 27.71672 -15.08887 27.18355 -14.73518 curveto closepath
 stroke
newpath 27.88841 -12.78416 moveto
27.26375 -12.94887 26.85014 -13.57962 26.55367 -14.13948 curveto
27.08421 -14.27266 27.42896 -14.29887 28.2422 -14.43297 curveto
28.3863 -13.80951 27.94293 -13.36868 27.88841 -12.78416 curveto closepath
 stroke
newpath 28.31203 -11.07771 moveto
27.38101 -10.9688 27.00177 -10.76694 26.02237 -11.06642 curveto
26.2765 -11.79137 26.6564 -12.0092 27.54204 -12.67438 curveto
27.42477 -11.94319 27.78255 -11.62483 28.31203 -11.07771 curveto closepath
 stroke
newpath 27.49811 -10.6516 moveto
27.41666 -9.84991 27.41728 -8.87354 27.36292 -8.16016 curveto
27.26974 -8.87047 26.7021 -9.15579 26.02167 -9.27016 curveto
26.23708 -9.65802 26.98312 -10.11096 27.49811 -10.6516 curveto closepath stroke
newpath 27.58414 -7.90027 moveto
26.84285 -7.1048 26.53757 -6.6933 25.76906 -6.30441 curveto
25.8538 -6.86942 25.91428 -7.47191 25.90959 -8.3157 curveto
26.42316 -8.2504 26.90082 -7.61847 27.58414 -7.90027 curveto closepath stroke
newpath 26.76195 -4.35545 moveto
26.13788 -4.6781 25.30008 -4.79771 24.46051 -4.93813 curveto
25.07217 -5.74112 25.46678 -5.79335 26.15169 -6.26042 curveto
26.00267 -5.6754 26.43597 -4.92073 26.76195 -4.35545 curveto closepath stroke
newpath 24.0693 -4.19145 moveto
24.79033 -4.05997 25.36455 -3.79341 26.03418 -4.10225 curveto
25.7966 -3.39896 25.28188 -2.81546 25.19698 -2.27635 curveto
24.63817 -2.82 24.33575 -3.28024 24.0693 -4.19145 curveto closepath stroke
newpath 25.14719 -2.47774 moveto
24.93245 -1.68791 24.4358 -1.17647 24.02531 -0.10268 curveto
23.93867 -0.77501 23.17894 -1.30368 23.10023 -1.75327 curveto
23.76744 -2.0683 24.47984 -2.35585 25.14719 -2.47774 curveto closepath stroke
newpath 23.97855 0.06276 moveto
23.05846 0.60289 22.5365 0.73233 21.89288 0.8821 curveto
21.91313 0.12709 21.98141 -0.45654 22.03038 -1.20738 curveto
22.60448 -0.41808 23.35188 -0.07306 23.97855 0.06276 curveto closepath stroke
newpath 21.5 -5.25 moveto
21.5 -4.79695 22.0846 -4.63937 22.30002 -5.0125 curveto
22.38878 -4.50905 23.11122 -4.50905 23.19998 -5.0125 curveto
23.4154 -4.63937 24 -4.79695 24 -5.25 curveto stroke
newpath 24.96 -17.31 moveto
24.96 -16.85695 25.5446 -16.69937 25.76003 -17.0725 curveto
25.84879 -16.56905 26.57123 -16.56905 26.65999 -17.0725 curveto
26.87541 -16.69937 27.46 -16.85695 27.46 -17.31 curveto stroke
newpath 28.2 -28.92 moveto
28.2 -28.46695 28.78459 -28.30937 29.00002 -28.6825 curveto
29.08878 -28.17905 29.81122 -28.17905 29.89998 -28.6825 curveto
30.1154 -28.30937 30.7 -28.46695 30.7 -28.92 curveto stroke
 0 0.5 dtransform truncate idtransform setlinewidth pop
newpath 21.94 0.83 moveto
21.44 1.64 17.98 7.76 17.57 8.44 curveto stroke
newpath 17.57 8.44 moveto
17.17 9.11 14.33 14.33 14.15 15.77 curveto
13.97 17.21 14.11 19.77 13.52 21.22 curveto
13.03 22.43 12.53 25.63 12.31 26.21 curveto
12.08 26.8 9.61 31.21 9.56 31.57 curveto
9.52 31.93 8.8 35.21 8.8 37.06 curveto stroke
 0 0.175 dtransform truncate idtransform setlinewidth pop
newpath 21.58 -11.18 moveto
-31.16 -11.18 lineto stroke
newpath 8.08 30.8 moveto
-31.07 30.71 lineto stroke
newpath 16.99 -5.02 moveto
-31.16 -5.02 lineto stroke
newpath 27.7 -43.36 moveto
-30.89 -43.36 lineto stroke
 0 0.5 dtransform truncate idtransform setlinewidth pop
newpath 7.58 39.62 moveto
7.58 39.62 7.36 35.48 7.67 34.45 curveto
7.99 33.41 10.28 25.81 10.42 24.59 curveto
10.55 23.38 11.41 21.71 11.36 20.81 curveto
11.32 19.91 10.82 18.16 11.09 17.39 curveto
11.36 16.63 10.82 15.1 11 14.38 curveto
11.18 13.66 12.53 8.03 12.8 7.22 curveto
13.07 6.41 16.27 2.45 17.26 -0.83 curveto
18.25 -4.12 19.87 -2.86 20.32 -4.21 curveto
20.77 -5.56 23.65 -10.42 23.51 -13.52 curveto
23.38 -16.63 25.67 -25.36 26.39 -27.83 curveto
27.11 -30.31 30.22 -37.1 30.22 -38.23 curveto
30.22 -39.35 31.39 -40.88 30.53 -42.86 curveto stroke
newpath 6.41 43.36 moveto
6.41 43.36 6.91 41.96 7.18 41.74 curveto
7.45 41.51 7.58 39.62 7.58 39.62 curveto stroke
newpath 8.8 37.06 moveto
9.34 39.58 9.47 41.24 9.47 41.24 curveto
9.38 43 lineto stroke
showpage
%%EOF
