%!PS
%%BoundingBox: -16 -66 16 66 
%%HiResBoundingBox: -15.3855 -65.5975 15.79752 65.76 
%%Creator: MetaPost 1.209
%%CreationDate: 2016.12.13:2120
%%Pages: 1
%%BeginProlog
%%EndProlog
%%Page: 1 1
 0 0 0 setrgbcolor 0 0.5 dtransform truncate idtransform setlinewidth pop
 [] 0 setdash 1 setlinecap 1 setlinejoin 10 setmiterlimit
newpath -8.8 63.71 moveto
-7.37 48.24 lineto
-7.37 48.24 -4.5 40.68 -6.66 35.64 curveto
-8.82 30.6 -5.94 25.93 -9.18 23.77 curveto
-12.42 21.61 -16.02 16.21 -14.94 12.25 curveto
-13.86 8.29 -9.18 1.81 -9.18 1.81 curveto
-9.18 1.81 -4.14 -5.39 -2.34 -8.27 curveto
-0.54 -11.15 3.42 -14.75 3.78 -16.55 curveto
4.14 -18.36 5.94 -21.96 5.94 -26.64 curveto
5.94 -31.31 6.65 -41.75 7.01 -43.91 curveto stroke
newpath 13.49 -45.71 moveto
13.49 -45.71 14.58 -35.63 15.3 -32.03 curveto
16.02 -28.44 14.94 -23.4 14.94 -19.08 curveto
14.94 -14.76 9.54 -9.71 9.54 -9.71 curveto
9.54 -9.71 1.26 1.09 0.54 3.61 curveto
-0.18 6.13 -3.06 10.45 -3.78 12.61 curveto
-4.5 14.77 -3.78 16.21 -3.78 19.09 curveto
-3.78 21.97 -3.78 23.05 0.54 27 curveto
4.86 30.96 0.9 37.44 0.9 37.44 curveto
0.55 51.47 lineto
-0.89 65.51 lineto stroke
 0 0.175 dtransform truncate idtransform setlinewidth pop
newpath 11.34 -30.59 moveto
11.8029 -31.50807 11.92862 -32.62344 11.19931 -33.27628 curveto
10.46121 -33.93697 10.53683 -35.0711 11.06699 -35.96275 curveto
11.61098 -36.87769 11.72548 -38.03935 10.9429 -38.64946 curveto
10.04913 -39.34625 9.97174 -40.66722 10.82852 -41.33731 curveto
11.65668 -41.985 11.55289 -43.2596 10.72682 -44.02527 curveto
9.93262 -44.7614 9.86594 -46.00061 10.6434 -46.71352 curveto
11.40825 -47.41486 11.33759 -48.62895 10.59128 -49.40295 curveto
9.83817 -50.18402 9.81416 -51.42113 10.62057 -52.09215 curveto
11.46722 -52.79665 11.56528 -54.06421 10.77184 -54.77748 curveto
9.92369 -55.53992 10.01477 -56.89201 10.97044 -57.45993 curveto
11.83862 -57.97586 11.7978 -59.20541 11.18642 -60.14119 curveto
10.60907 -61.02487 10.60327 -62.19344 11.39006 -62.82335 curveto
12.17375 -63.45078 11.50276 -64.55267 11.51 -65.51 curveto
11.51 -65.51 lineto stroke
newpath 10.98463 -63.58022 moveto
11.26715 -64.10689 11.25272 -64.90193 11.51 -65.51 curveto
11.51 -65.51 lineto
11.51 -65.51 lineto
11.75806 -64.89812 12.33044 -64.34615 12.5031 -63.77397 curveto
 closepath stroke
newpath 10.98463 -63.58022 moveto
11.26715 -64.10689 11.25272 -64.90193 11.51 -65.51 curveto
11.51 -65.51 lineto
11.51 -65.51 lineto
11.75806 -64.89812 12.33044 -64.34615 12.5031 -63.77397 curveto
 closepath fill
showpage
%%EOF
