%!PS
%%BoundingBox: -9 -28 9 28 
%%HiResBoundingBox: -8.84 -27.54 8.84 27.36 
%%Creator: MetaPost 1.209
%%CreationDate: 2016.12.13:2120
%%Pages: 1
%%BeginProlog
%%EndProlog
%%Page: 1 1
 0 0 0 setrgbcolor 0 0.5 dtransform truncate idtransform setlinewidth pop
 [] 0 setdash 1 setlinecap 1 setlinejoin 10 setmiterlimit
newpath -8.59 22.34 moveto
-8.59 22.34 -8.35 21.31 -6.73 21.33 curveto
-5.11 21.35 -4.63 20.77 -4.43 20.11 curveto
-4.23 19.46 -3.94 18.09 -3.91 17.66 curveto
-3.89 17.23 -3.82 16.11 -3.76 15.61 curveto stroke
newpath -1.48 14.49 moveto
-1.66 15.28 -1.66 16.06 -1.75 16.87 curveto
-1.84 17.68 -2 19.37 -2.02 19.64 curveto
-2.05 19.91 -2.02 21.08 -2.16 21.98 curveto
-2.29 22.88 -2.32 23.42 -2.34 24.57 curveto
-2.36 25.72 -2.56 27.11 -2.56 27.11 curveto stroke
newpath 7.47 -20.5 moveto
7.11 -19.64 4.63 -8.84 4.63 -8.84 curveto
4.63 -8.84 3.28 -1.82 3.01 -0.79 curveto
2.74 0.25 0.76 7.49 0.09 9.25 curveto
-0.58 11 -1.48 14.49 -1.48 14.49 curveto stroke
newpath 8.59 -26.98 moveto
8.5 -26.71 8.41 -25.49 8.1 -24.64 curveto
7.78 -23.78 8.37 -22.97 8.05 -22.16 curveto
7.74 -21.35 7.47 -20.5 7.47 -20.5 curveto stroke
newpath -3.76 15.61 moveto
-3.76 15.61 -3.37 13.79 -3.1 12.76 curveto
-2.83 11.72 -2.47 8.62 -2.25 7.9 curveto
-2.03 7.18 -1.49 6.95 -1.35 5.47 curveto
-1.22 3.98 -0.41 2.45 -0.23 2.09 curveto
-0.05 1.73 1.44 -1.64 1.57 -2.41 curveto
1.71 -3.17 1.93 -8.57 1.98 -8.98 curveto
2.02 -9.38 1.66 -10.64 1.93 -10.91 curveto
2.2 -11.18 3.06 -11.18 3.33 -11.36 curveto
3.6 -11.54 4 -11.95 4 -12.26 curveto
4 -12.58 4.36 -16.27 4.5 -16.85 curveto
4.63 -17.44 5.53 -21.08 5.62 -21.53 curveto
5.71 -21.98 6.48 -26.35 6.84 -27.29 curveto stroke
newpath 0.98265 -23.41293 moveto
1.33618 -23.76646 1.86649 -23.23616 1.51295 -22.88263 curveto
-0.78513 -20.58455 lineto
0.01039 -19.78903 lineto
-1.22708 -18.55156 lineto
-3.34842 -20.6729 lineto
-2.11095 -21.91037 lineto
-1.31543 -21.11485 lineto
 closepath fill
newpath -3.19734 -8.74294 moveto
-2.84381 -9.09647 -2.3135 -8.56616 -2.66704 -8.21263 curveto
-4.96512 -5.91455 lineto
-4.1696 -5.11903 lineto
-5.40707 -3.88156 lineto
-7.52841 -6.0029 lineto
-6.29094 -7.24037 lineto
-5.49542 -6.44485 lineto
 closepath fill
 0 0.25 dtransform truncate idtransform setlinewidth pop
newpath 0.47748 18.29657 moveto
3.87802 9.9637 lineto stroke
newpath 0.21284 16.29843 moveto
0.75336 16.78853 0.76099 17.60184 0.47748 18.29657 curveto stroke
newpath 2.06456 17.05411 moveto
1.33548 17.02608 0.76099 17.60184 0.47748 18.29657 curveto stroke
newpath 3.87802 9.9637 moveto
5.18172 9.41568 lineto stroke
newpath 3.5002 10.88956 moveto
4.80388 10.34154 lineto stroke
newpath 3.12236 11.81541 moveto
4.42606 11.2674 lineto stroke
 0.00002 0.00018 0.00023 setrgbcolor
newpath 3.66103 14.46544 moveto
3.51071 14.8338 3.22021 15.1273 2.85347 15.28148 curveto
2.48676 15.43562 2.07379 15.43782 1.70544 15.2875 curveto
1.3371 15.13719 1.04358 14.8467 0.88942 14.47997 curveto
0.73526 14.11324 0.73306 13.70029 0.88338 13.33192 curveto
1.03369 12.96358 1.3242 12.67007 1.69093 12.5159 curveto
2.05765 12.36176 2.47063 12.35954 2.83897 12.50986 curveto
3.20732 12.66017 3.50082 12.95068 3.65498 13.31741 curveto
3.80916 13.68414 3.81134 14.09709 3.66103 14.46544 curveto closepath fill
 0 0 0 setrgbcolor
newpath 1.65932 13.10852 moveto
2.88512 14.6888 lineto stroke
newpath 3.26295 13.76294 moveto
1.28148 14.03438 lineto stroke
newpath 2.65004 12.97282 moveto
1.89436 14.82455 lineto stroke
 0.00002 0.00018 0.00023 setrgbcolor
newpath 2.96661 14.18207 moveto
2.89145 14.36626 2.7462 14.513 2.56284 14.59007 curveto
2.37947 14.66716 2.173 14.66827 1.98882 14.59311 curveto
1.80463 14.51794 1.65788 14.3727 1.58081 14.18932 curveto
1.50374 14.00595 1.50262 13.79948 1.57779 13.6153 curveto
1.65295 13.43112 1.7982 13.28436 1.98157 13.2073 curveto
2.16493 13.13022 2.3714 13.1291 2.55559 13.20427 curveto
2.73978 13.27943 2.88652 13.42468 2.9636 13.60806 curveto
3.04066 13.79141 3.04178 13.9979 2.96661 14.18207 curveto closepath fill
 0 0 0 setrgbcolor
newpath 2.73514 14.0876 moveto
2.68503 14.21039 2.5882 14.30821 2.46596 14.35962 curveto
2.34372 14.411 2.20607 14.41173 2.08328 14.36162 curveto
1.9605 14.31151 1.86267 14.21468 1.8113 14.09244 curveto
1.75989 13.9702 1.75916 13.83255 1.80927 13.70976 curveto
1.85938 13.58699 1.9562 13.48915 2.07846 13.43776 curveto
2.20068 13.38637 2.33833 13.38564 2.46112 13.43575 curveto
2.58391 13.48586 2.68173 13.58269 2.73312 13.70494 curveto
2.78452 13.82716 2.78525 13.96483 2.73514 14.0876 curveto closepath stroke
newpath 7.54054 -7.30832 moveto
4.71458 1.23659 lineto stroke
newpath 7.94046 -5.3328 moveto
7.36786 -5.785 7.30493 -6.59592 7.54054 -7.30832 curveto stroke
newpath 6.04163 -5.96078 moveto
6.77094 -5.98242 7.30493 -6.59592 7.54054 -7.30832 curveto stroke
newpath 4.71458 1.23659 moveto
3.45117 1.87201 lineto stroke
newpath 5.02856 0.28717 moveto
3.76517 0.92259 lineto stroke
newpath 5.34256 -0.66225 moveto
4.07915 -0.02682 lineto stroke
 0.00002 0.00018 0.00023 setrgbcolor
newpath 4.62491 -3.26952 moveto
4.74983 -3.64725 5.01968 -3.95985 5.37509 -4.13858 curveto
5.73048 -4.31734 6.14233 -4.34761 6.52007 -4.22269 curveto
6.8978 -4.09776 7.21037 -3.8279 7.38913 -3.4725 curveto
7.56787 -3.11711 7.59816 -2.70526 7.47324 -2.32753 curveto
7.34831 -1.94981 7.07845 -1.6372 6.72305 -1.45847 curveto
6.36765 -1.27972 5.9558 -1.24944 5.57806 -1.37436 curveto
5.20033 -1.49928 4.88776 -1.76917 4.70901 -2.12454 curveto
4.53026 -2.47995 4.49998 -2.8918 4.62491 -3.26952 curveto closepath fill
 0 0 0 setrgbcolor
newpath 6.71428 -2.05186 moveto
5.38383 -3.54514 lineto stroke
newpath 5.06984 -2.59572 moveto
7.02827 -3.00128 lineto stroke
newpath 5.73508 -1.8491 moveto
6.36307 -3.74796 lineto stroke
showpage
%%EOF
