%!PS
%%BoundingBox: -20 -52 22 53 
%%HiResBoundingBox: -19.85 -51.7444 21.13 52.09 
%%Creator: MetaPost 1.209
%%CreationDate: 2016.12.13:2120
%%Pages: 1
%%BeginProlog
%%EndProlog
%%Page: 1 1
 0 0 0 setrgbcolor 0 0.5 dtransform truncate idtransform setlinewidth pop
 [] 0 setdash 1 setlinecap 1 setlinejoin 10 setmiterlimit
newpath 20.88 -46.08 moveto
20.88 -46.08 14.04 -44.28 14.04 -41.76 curveto
14.04 -39.24 14.4 -36.72 15.48 -34.56 curveto
16.56 -32.4 18.36 -29.15 18.36 -26.99 curveto
18.36 -24.83 15.48 -17.63 11.16 -16.91 curveto
6.84 -16.19 3.96 -16.19 1.8 -15.83 curveto
-0.36 -15.47 -8.64 -12.59 -8.64 -12.59 curveto
-8.64 -12.59 -12.96 -8.63 -12.96 -2.87 curveto
-12.96 2.89 -14.04 12.6 -13.32 15.12 curveto
-12.6 17.64 -11.16 24.84 -11.16 26.64 curveto
-11.16 28.44 -11.53 35.64 -11.53 35.64 curveto
-12.61 50.04 lineto stroke
 0 0.175 dtransform truncate idtransform setlinewidth pop
newpath 3.06 -19.25 moveto
3.81976 -18.73355 4.77637 -19.23961 5.49875 -19.90889 curveto
6.16112 -20.52257 7.05817 -20.86299 7.92162 -20.62386 curveto
8.94952 -20.33917 10.08766 -20.58258 10.28821 -21.50056 curveto
10.4855 -22.40369 11.43411 -22.86543 12.39952 -22.88414 curveto
13.43391 -22.90419 14.27405 -23.73637 14.12675 -24.71255 curveto
13.98448 -25.65541 14.16237 -26.68112 14.98628 -27.06284 curveto
16.0862 -27.5724 15.93748 -29.21512 14.7096 -29.55588 curveto
13.61964 -29.85835 13.06221 -31.0342 13.66704 -31.85228 curveto
14.23271 -32.6174 13.58357 -33.65694 12.5507 -34.11823 curveto
11.55276 -34.56392 11.01556 -35.65797 11.58224 -36.4505 curveto
12.20029 -37.31487 11.9187 -38.5229 10.97035 -38.8958 curveto
10.01721 -39.27058 10.92242 -40.4113 11.16 -41.4 curveto
11.16 -41.4 lineto stroke
newpath 9.86205 -39.87839 moveto
10.06784 -40.35799 10.76285 -40.8536 11.16 -41.4 curveto
11.16 -41.4 lineto
11.16 -41.4 lineto
11.26553 -40.73282 11.12457 -39.89091 11.31819 -39.40628 curveto
 closepath stroke
newpath 9.86205 -39.87839 moveto
10.06784 -40.35799 10.76285 -40.8536 11.16 -41.4 curveto
11.16 -41.4 lineto
11.16 -41.4 lineto
11.26553 -40.73282 11.12457 -39.89091 11.31819 -39.40628 curveto
 closepath fill
 0 0.5 dtransform truncate idtransform setlinewidth pop
newpath -19.09 51.84 moveto
-19.09 51.84 -18.73 47.16 -18.73 44.28 curveto
-18.73 41.4 -17.64 28.8 -17.64 28.8 curveto
-17.64 28.8 -18.36 20.52 -18.36 16.92 curveto
-18.36 13.32 -19.44 0.01 -19.44 0.01 curveto
-19.44 0.01 -20.88 -13.31 -15.12 -16.19 curveto
-9.36 -19.07 -1.08 -21.23 -1.08 -21.23 curveto
-1.08 -21.23 5.4 -25.19 7.2 -25.19 curveto
9 -25.19 11.16 -26.27 10.08 -32.04 curveto
9 -37.8 5.76 -46.09 10.8 -48.96 curveto
15.84 -51.84 20.16 -51.48 20.16 -51.48 curveto stroke
showpage
%%EOF
