%!PS
%%BoundingBox: -11 -196 108 186 
%%HiResBoundingBox: -10.24 -195.88 107.8175 185.3 
%%Creator: MetaPost 1.209
%%CreationDate: 2016.12.13:2120
%%Pages: 1
%%BeginProlog
%%EndProlog
%%Page: 1 1
 0 0 0 setrgbcolor 0 0.5 dtransform truncate idtransform setlinewidth pop
 [] 0 setdash 1 setlinecap 1 setlinejoin 10 setmiterlimit
newpath 60.93 -190.41 moveto
60.93 -190.41 50.13 -153.16 48.69 -148.12 curveto
47.25 -143.08 39.15 -113.65 39.15 -113.65 curveto
39.15 -113.65 38.61 -97.99 33.93 -72.07 curveto
30.54 -53.29 26.73 -14.2 26.73 -9.52 curveto
26.73 -4.84 26.19 24.59 26.19 26.75 curveto
26.19 28.91 25.29 38.27 25.29 38.27 curveto
25.29 38.27 23.58 57.26 23.94 64.82 curveto
24.3 72.38 22.05 84.26 22.05 84.26 curveto
22.05 84.26 16.11 121.7 15.75 125.65 curveto
15.39 129.61 15.48 147.88 15.12 153.28 curveto
14.76 158.68 14.4 185.05 14.4 185.05 curveto stroke
 0 0.175 dtransform truncate idtransform setlinewidth pop
newpath 1.71 138.79 moveto
2.25885 137.99802 2.87851 137.09412 2.34406 136.35518 curveto
1.74344 135.52477 2.04343 134.35298 2.9699 133.91812 curveto
3.89331 133.4847 4.18529 132.31258 3.58638 131.47884 curveto
2.95134 130.5948 3.22923 129.36389 4.18974 129.036 curveto
5.06381 128.7376 5.06984 127.59143 4.76979 126.5878 curveto
4.50076 125.68793 4.56427 124.67079 5.29247 124.12668 curveto
6.18979 123.45619 6.53006 122.27766 5.79634 121.66162 curveto
5.07954 121.05978 5.48175 119.9395 6.29321 119.19519 curveto
7.06947 118.48315 7.43683 117.3897 6.77274 116.7253 curveto
6.07828 116.0305 6.35071 114.85625 7.22647 114.25035 curveto
8.11331 113.6368 8.36723 112.44083 7.64404 111.76915 curveto
6.92343 111.09988 7.88843 110.17175 8.01 109.28 curveto
8.01 109.28 lineto stroke
newpath 6.70088 110.79207 moveto
6.92358 110.26164 7.67854 109.84802 8.01 109.28 curveto
8.01 109.28 lineto
8.01 109.28 lineto
8.17729 109.91602 7.93594 110.74232 8.15355 111.27486 curveto
 closepath stroke
newpath 6.70088 110.79207 moveto
6.92358 110.26164 7.67854 109.84802 8.01 109.28 curveto
8.01 109.28 lineto
8.01 109.28 lineto
8.17729 109.91602 7.93594 110.74232 8.15355 111.27486 curveto
 closepath fill
newpath 35.01 -129.04 moveto
35.85263 -129.65073 36.3377 -130.68852 35.84032 -131.52759 curveto
35.2829 -132.46791 35.64027 -133.68375 36.6314 -134.02791 curveto
37.54155 -134.34396 37.64915 -135.5077 37.38135 -136.541 curveto
37.14725 -137.44424 37.42867 -138.39752 38.07909 -139.06905 curveto
38.7577 -139.7697 39.1202 -140.76303 38.70146 -141.61636 curveto
38.24785 -142.54079 38.35657 -143.67307 39.18663 -144.19281 curveto
39.9943 -144.69853 39.79216 -145.82532 39.46434 -146.80032 curveto
39.1669 -147.68495 39.10112 -148.6747 39.65193 -149.4162 curveto
40.30621 -150.29697 40.66068 -151.4405 39.8949 -152.02718 curveto
39.09712 -152.63837 39.3782 -153.89288 40.29227 -154.61887 curveto
41.0739 -155.23967 41.35666 -156.31166 40.88191 -157.17369 curveto
40.3635 -158.115 40.69603 -159.30243 41.65846 -159.67778 curveto
42.70581 -160.08624 43.20285 -161.27692 42.59702 -162.12636 curveto
41.91313 -163.08524 42.49281 -164.41849 43.63756 -164.5336 curveto
44.6578 -164.63618 45.15492 -165.82968 44.754 -166.90656 curveto
44.3718 -167.93315 44.91429 -169.07307 45.94257 -169.24411 curveto
46.94199 -169.41034 47.46875 -170.50313 47.2015 -171.54453 curveto
46.95602 -172.50114 47.58105 -173.44421 48.5324 -173.8039 curveto
49.40833 -174.13507 49.43527 -175.26813 49.95 -176.01 curveto
49.95 -176.01 lineto stroke
newpath 48.45224 -174.68454 moveto
48.9953 -174.99448 49.39117 -175.6506 49.95 -176.01 curveto
49.95 -176.01 lineto
49.95 -176.01 lineto
49.80899 -175.36072 49.99304 -174.61685 49.82819 -174.01367 curveto
 closepath stroke
newpath 48.45224 -174.68454 moveto
48.9953 -174.99448 49.39117 -175.6506 49.95 -176.01 curveto
49.95 -176.01 lineto
49.95 -176.01 lineto
49.80899 -175.36072 49.99304 -174.61685 49.82819 -174.01367 curveto
 closepath fill
newpath 19.17 12.26 moveto
20.43239 12.18713 20.98901 10.7189 20.13683 9.95828 curveto
19.39754 9.29842 19.48866 8.12076 20.26947 7.45422 curveto
21.25491 6.613 20.87787 5.11296 19.78458 4.99007 curveto
18.67844 4.86572 18.15402 3.54764 18.86407 2.65099 curveto
19.59277 1.73076 18.94966 0.38019 17.78899 0.37668 curveto
16.85156 0.37384 16.52454 -0.84268 16.90327 -1.9777 curveto
17.21855 -2.92253 17.04181 -4.00287 16.19362 -4.391 curveto
15.25356 -4.82118 14.98796 -6.03294 15.64497 -6.84593 curveto
16.24371 -7.5868 15.99713 -8.67097 15.24918 -9.33066 curveto
14.3937 -10.08519 14.19138 -11.31734 15.00363 -11.83443 curveto
15.79665 -12.33926 15.59811 -13.50568 14.90994 -14.34843 curveto
14.33107 -15.05734 14.46567 -16.07112 14.97394 -16.86319 curveto
15.47798 -17.64868 15.72783 -18.62857 15.20546 -19.3679 curveto
14.36696 -20.55467 14.69849 -21.92896 15.61848 -21.84935 curveto
16.65286 -21.75984 17.22353 -23.25517 16.21477 -24.29353 curveto
15.54083 -24.98724 15.94418 -26.14151 16.88423 -26.71886 curveto
17.77153 -27.26382 18.1723 -28.35971 17.59329 -29.13283 curveto
17.03206 -29.88222 17.89598 -30.70386 18.32085 -31.54155 curveto
18.78647 -32.45961 19.87148 -33.39357 19.02756 -33.95634 curveto
18.21732 -34.49666 18.55566 -35.79735 19.64786 -36.39455 curveto
20.6049 -36.91783 20.84477 -38.1742 20.088 -38.87094 curveto
19.3769 -39.52562 20.23912 -40.49615 20.25 -41.38 curveto
20.25 -41.38 lineto stroke
newpath 19.0973 -39.74556 moveto
19.27782 -40.30705 19.99083 -40.7755 20.25 -41.38 curveto
20.25 -41.38 lineto
20.25 -41.38 lineto
20.49419 -40.7693 20.32127 -39.93388 20.59068 -39.40923 curveto
 closepath stroke
newpath 19.0973 -39.74556 moveto
19.27782 -40.30705 19.99083 -40.7755 20.25 -41.38 curveto
20.25 -41.38 lineto
20.25 -41.38 lineto
20.49419 -40.7693 20.32127 -39.93388 20.59068 -39.40923 curveto
 closepath fill
newpath 29.61 41.78 moveto
107.73 41.78 lineto stroke
 0 0.5 dtransform truncate idtransform setlinewidth pop
newpath -9.99 182.71 moveto
-9.99 182.71 -9.27 120.44 -9.63 116.12 curveto
-9.99 111.8 0.09 55.64 -0.27 53.12 curveto
-0.63 50.6 1.17 19.64 0.81 12.08 curveto
0.45 4.52 7.29 -51.28 7.29 -51.28 curveto
7.29 -51.28 19.53 -120.4 19.17 -126.52 curveto
18.81 -132.64 19.53 -141.64 19.89 -145.24 curveto
20.25 -148.84 41.49 -195.63 41.49 -195.63 curveto stroke
showpage
%%EOF
