%!PS
%%BoundingBox: -51 -43 17 43 
%%HiResBoundingBox: -50.36751 -42.52751 16.70775 42.52751 
%%Creator: MetaPost 1.209
%%CreationDate: 2016.12.13:2120
%%Pages: 1
%%BeginProlog
%%EndProlog
%%Page: 1 1
 0 0 0 setrgbcolor 0 0.175 dtransform truncate idtransform setlinewidth pop
 [] 0 setdash 1 setlinecap 1 setlinejoin 10 setmiterlimit
newpath -50.28 42.44 moveto
-50.28 42.44 -44.17 34.76 -43.53 33.63 curveto
-42.89 32.5 -38.45 28.86 -37.19 26.06 curveto
-35.94 23.27 -34.48 19.7 -34.01 18.63 curveto
-33.54 17.56 -31.43 11.46 -27.07 7.33 curveto
-22.71 3.19 -22.19 -0.41 -21.15 -2.28 curveto
-20.1 -4.16 -17.04 -10.15 -15.98 -11.12 curveto
-14.92 -12.1 -12.82 -12.42 -12.01 -11.75 curveto
-11.2 -11.09 -10.13 -11.93 -9.45 -13.15 curveto
-8.76 -14.37 -8.52 -16.06 -7.85 -16.87 curveto
-7.19 -17.68 -6.81 -18.7 -6.23 -19.46 curveto
-5.65 -20.22 -2.86 -24.29 -1.97 -26.34 curveto
-1.07 -28.39 -0.86 -30.57 1.16 -32.06 curveto
3.18 -33.55 4.01 -35.23 4.64 -36.49 curveto
5.28 -37.75 5.49 -38.63 6.91 -38.86 curveto
8.34 -39.09 8.77 -40.66 9.14 -41.18 curveto
9.51 -41.7 9.73 -42.44 9.73 -42.44 curveto stroke
newpath 13.62 -41.08 moveto
13.62 -41.08 11.03 -38.06 10.78 -37.1 curveto
10.53 -36.13 9.22 -32.93 9.11 -31.84 curveto
9.01 -30.75 8.35 -30.48 8.43 -29.36 curveto
8.5 -28.23 7.4 -26.62 10.7 -25.23 curveto
13.99 -23.83 16.65 -23.88 16.62 -21.13 curveto
16.58 -18.37 15.36 -17.16 10.2 -18.07 curveto
5.04 -18.97 2.42 -19.65 0.17 -18.95 curveto
-2.09 -18.26 -2.9 -17.62 -4.29 -15.58 curveto
-5.68 -13.54 -7.2 -9.33 -7.1 -7.9 curveto
-7 -6.46 -3.65 -3.04 -7.63 -3.08 curveto
-11.6 -3.12 -13.25 -4.14 -14.43 -2.97 curveto
-15.61 -1.81 -20.55 4.4 -21.21 5.39 curveto
-21.86 6.38 -23.41 11.4 -25.12 14.09 curveto
-26.83 16.78 -29.45 17.32 -30.69 19.62 curveto
-31.93 21.91 -31.82 24.25 -32.2 25.9 curveto
-32.58 27.55 -34.5 31.07 -35.55 32.94 curveto
-36.59 34.82 -40.07 38.71 -41.03 40.4 curveto stroke
showpage
%%EOF
