%!PS
%%BoundingBox: -35 -106 34 106 
%%HiResBoundingBox: -34.64 -105.91 33.59764 105.91 
%%Creator: MetaPost 1.209
%%CreationDate: 2016.12.13:2120
%%Pages: 1
%%BeginProlog
%%EndProlog
%%Page: 1 1
 0 0 0 setrgbcolor 0 0.5 dtransform truncate idtransform setlinewidth pop
 [] 0 setdash 1 setlinecap 1 setlinejoin 10 setmiterlimit
newpath -34.39 102.78 moveto
-34.39 102.78 -34.39 96.66 -32.95 94.14 curveto
-31.51 91.62 -28.98 83.33 -28.98 83.33 curveto
-23.22 79.01 lineto
-23.22 79.01 -16.01 73.61 -15.29 70.37 curveto
-14.57 67.13 -10.97 59.21 -10.97 57.41 curveto
-10.97 55.61 -9.17 43.73 -8.45 41.57 curveto
-7.73 39.41 -4.85 30.05 -4.49 27.53 curveto
-4.13 25.01 -2.33 11.33 -1.97 9.17 curveto
-1.61 7.01 0.55 -3.79 1.27 -5.95 curveto
1.99 -8.11 4.15 -14.95 4.15 -16.75 curveto
4.15 -18.55 6.67 -27.91 7.75 -29.71 curveto
8.83 -31.51 12.79 -44.83 12.79 -47.35 curveto
12.79 -49.87 17.47 -65.71 17.47 -67.87 curveto
17.47 -70.03 18.55 -79.02 18.91 -81.18 curveto
19.27 -83.34 23.95 -88.38 18.55 -89.46 curveto
13.15 -90.54 8.11 -97.02 8.11 -97.02 curveto
6.67 -103.86 lineto stroke
newpath 16.75 -105.66 moveto
18.91 -98.82 lineto
18.91 -98.82 25.75 -95.94 28.27 -95.94 curveto
30.79 -95.94 31.51 -93.06 32.95 -90.18 curveto
34.39 -87.3 31.51 -80.82 30.79 -78.66 curveto
30.07 -76.5 28.27 -67.87 28.27 -67.87 curveto
25.03 -59.59 lineto
25.03 -59.59 22.15 -49.87 21.79 -46.63 curveto
21.43 -43.39 21.07 -39.79 19.27 -36.19 curveto
17.47 -32.59 16.03 -27.19 16.03 -27.19 curveto
12.79 -14.59 lineto
12.79 -14.59 9.91 -3.43 9.55 -1.27 curveto
9.19 0.89 8.47 7.01 8.11 9.89 curveto
7.75 12.77 7.03 17.09 7.03 18.89 curveto
7.03 20.69 3.79 26.09 1.99 27.53 curveto
0.19 28.97 -1.25 39.41 -1.25 41.93 curveto
-1.25 44.45 -3.41 52.37 -4.49 57.05 curveto
-5.57 61.73 -8.09 67.13 -8.45 70 curveto
-8.81 72.88 -12.41 78.65 -13.85 80.81 curveto
-15.29 82.97 -21.06 86.94 -21.78 88.74 curveto
-22.5 90.54 -23.94 94.14 -25.02 98.1 curveto
-26.1 102.06 -28.62 105.66 -28.62 105.66 curveto stroke
 0 0.175 dtransform truncate idtransform setlinewidth pop
newpath -4.49 42.11 moveto
-3.72049 41.4895 -3.54382 40.4001 -3.98509 39.50272 curveto
-4.51877 38.41742 -4.43877 37.12862 -3.47829 36.89566 curveto
-2.27731 36.60439 -1.96571 35.03412 -2.96985 34.28883 curveto
-3.95074 33.5608 -3.65364 32.01389 -2.45975 31.68236 curveto
-1.4902 31.41313 -1.34737 30.11678 -1.94777 29.07603 curveto
-2.54602 28.03903 -2.40231 26.74542 -1.43382 26.47057 curveto
-0.38232 26.17213 -0.1091 24.77858 -0.91725 23.8648 curveto
-1.56268 23.13504 -1.11346 22.05368 -0.39778 21.26021 curveto
0.32301 20.46106 0.78331 19.37552 0.12552 18.65654 curveto
-0.68404 17.77168 -0.40428 16.38141 0.65408 16.05412 curveto
1.64314 15.74826 1.8524 14.43892 1.19084 13.45296 curveto
0.5613 12.51471 0.77672 11.24866 1.74265 10.85483 curveto
2.70407 10.46283 2.1038 9.18016 2.35 8.27 curveto
2.35 8.27 lineto stroke
newpath 1.50143 10.08109 moveto
1.86024 9.61537 1.95346 8.78424 2.35 8.27 curveto
2.35 8.27 lineto
2.35 8.27 lineto
2.43323 8.91403 2.95503 9.56764 3.03064 10.15063 curveto
 closepath stroke
newpath 1.50143 10.08109 moveto
1.86024 9.61537 1.95346 8.78424 2.35 8.27 curveto
2.35 8.27 lineto
2.35 8.27 lineto
2.43323 8.91403 2.95503 9.56764 3.03064 10.15063 curveto
 closepath fill
showpage
%%EOF
