%!PS
%%BoundingBox: -78 -65 76 65 
%%HiResBoundingBox: -77.3175 -64.08751 75.15752 64.25 
%%Creator: MetaPost 1.209
%%CreationDate: 2016.12.13:2120
%%Pages: 1
%%BeginProlog
%%EndProlog
%%Page: 1 1
 0 0 0 setrgbcolor 0 0.5 dtransform truncate idtransform setlinewidth pop
 [] 0 setdash 1 setlinecap 1 setlinejoin 10 setmiterlimit
newpath -14.94 64 moveto
-14.94 64 -18.18 60.4 -19.26 55.72 curveto
-20.34 51.04 -19.98 47.44 -18.18 42.04 curveto
-16.38 36.64 -7.38 33.4 -5.22 32.68 curveto
-3.06 31.96 3.06 35.2 3.06 29.08 curveto
3.06 22.95 3.78 15.39 2.34 12.87 curveto
0.9 10.35 -3.06 2.07 -3.06 2.07 curveto stroke
newpath -4.86 62.2 moveto
-4.86 62.2 -4.86 58.24 -0.54 56.08 curveto
3.78 53.92 4.86 52.84 5.94 50.32 curveto
7.02 47.8 8.1 42.4 9.18 40.24 curveto
10.26 38.08 14.58 33.4 14.58 30.88 curveto
14.58 28.36 10.26 17.19 9.18 15.39 curveto
8.1 13.59 3.78 4.95 3.78 4.95 curveto
1.62 -5.49 lineto
-4.86 -19.53 lineto
-4.86 -19.53 -9.18 -25.29 -4.86 -27.45 curveto
-0.54 -29.61 4.5 -33.21 7.02 -33.21 curveto
9.54 -33.21 12.07 -41.14 12.07 -41.14 curveto stroke
 0 0.175 dtransform truncate idtransform setlinewidth pop
newpath 2.88 38.44 moveto
3.71394 38.95007 4.66263 37.98787 4.84525 36.69496 curveto
4.98398 35.71277 5.68788 34.88167 6.65541 34.78975 curveto
7.7261 34.68803 8.4918 33.70456 8.23358 32.69016 curveto
8.00085 31.77588 8.55875 30.89157 9.33482 30.31395 curveto
10.25539 29.6288 10.19876 28.24615 9.22765 27.73251 curveto
8.3575 27.27228 8.16498 26.14352 8.56464 25.18883 curveto
8.94406 24.28246 8.73558 23.2244 7.96812 22.62846 curveto
7.22525 22.05162 7.17734 21.0072 7.38887 20.0643 curveto
7.60764 19.08916 7.59888 17.9929 6.78358 17.50601 curveto
5.94008 17.00226 6.4966 15.73825 5.94 15.03 curveto
5.94 15.03 lineto stroke
newpath 5.58589 16.9984 moveto
5.61917 16.36313 6.12016 15.67256 5.94 15.03 curveto
5.94 15.03 lineto
5.94 15.03 lineto
6.52177 15.35695 6.65582 16.19952 7.0815 16.67226 curveto
 closepath stroke
newpath 5.58589 16.9984 moveto
5.61917 16.36313 6.12016 15.67256 5.94 15.03 curveto
5.94 15.03 lineto
5.94 15.03 lineto
6.52177 15.35695 6.65582 16.19952 7.0815 16.67226 curveto
 closepath fill
newpath 14.22 46.72 moveto
75.07 46.72 lineto stroke
newpath -27.18 -37.18 moveto
-77.23 -37.18 lineto stroke
newpath -0.18 -40.6 moveto
0.82874 -40.09032 2.03062 -40.6575 2.11473 -41.70502 curveto
2.19215 -42.66931 3.29236 -43.14401 4.3535 -42.91937 curveto
5.40477 -42.69682 6.4671 -43.27348 6.51982 -44.2584 curveto
6.57164 -45.22633 7.85577 -45.2221 8.56586 -45.77359 curveto
9.30582 -46.34828 10.50053 -46.63466 10.3582 -47.57742 curveto
10.21918 -48.49829 11.2848 -48.92847 11.97409 -49.54617 curveto
12.6822 -50.18076 13.65732 -50.7604 13.40315 -51.65256 curveto
13.15437 -52.52577 13.81499 -53.31126 14.50026 -53.94829 curveto
15.37424 -54.76073 15.974 -55.866 15.20142 -56.39415 curveto
14.12608 -57.12927 14.3985 -58.70232 15.52708 -58.91826 curveto
16.70805 -59.14423 16.8648 -60.91438 15.54082 -61.4643 curveto
14.5758 -61.86511 15.41872 -63.08745 15.31 -64 curveto
15.31 -64 lineto stroke
newpath 14.34297 -62.24931 moveto
14.46979 -62.79698 15.13545 -63.3793 15.31 -64 curveto
15.31 -64 lineto
15.31 -64 lineto
15.62547 -63.43768 15.56656 -62.55522 15.86418 -62.0783 curveto
 closepath stroke
newpath 14.34297 -62.24931 moveto
14.46979 -62.79698 15.13545 -63.3793 15.31 -64 curveto
15.31 -64 lineto
15.31 -64 lineto
15.62547 -63.43768 15.56656 -62.55522 15.86418 -62.0783 curveto
 closepath fill
 0 0.5 dtransform truncate idtransform setlinewidth pop
newpath -3.06 2.07 moveto
-7.74 -9.09 lineto
-11.7 -17.37 lineto
-11.7 -17.37 -23.58 -25.65 -22.14 -32.86 curveto
-20.7 -40.06 -11.34 -44.38 -11.34 -44.38 curveto
-11.34 -44.38 -1.62 -46.18 -0.54 -47.26 curveto
0.54 -48.34 6.66 -54.46 6.66 -54.46 curveto stroke
showpage
%%EOF
