%!PS
%%BoundingBox: -75 -23 69 26 
%%HiResBoundingBox: -74.13 -22.66 68.4875 25.80751 
%%Creator: MetaPost 1.209
%%CreationDate: 2016.12.13:2120
%%Pages: 1
%%BeginProlog
%%EndProlog
%%Page: 1 1
 0 0 0 setrgbcolor 0 0.5 dtransform truncate idtransform setlinewidth pop
 [] 0 setdash 1 setlinecap 1 setlinejoin 10 setmiterlimit
newpath -73.88 9.58 moveto
-73.88 9.58 -72.08 7.23 -64.07 4.91 curveto
-56.09 2.6 -52.62 2.19 -51.53 1.83 curveto
-50.45 1.46 -47.17 -2.12 -45.82 -2.57 curveto
-44.47 -3.02 -41.95 -5.46 -41.23 -6.18 curveto
-40.51 -6.89 -39.93 -8.41 -39.12 -9.04 curveto
-38.31 -9.68 -37.28 -10.35 -35.38 -9.19 curveto
-33.48 -8.03 -31.84 -5.05 -30.4 -3.89 curveto
-28.96 -2.73 -27.7 -0.28 -25.73 -0.55 curveto
-23.75 -0.82 -22.39 -0.92 -21.58 -0.93 curveto
-20.77 -0.93 -13.86 -0.46 -13.41 -4.26 curveto
-12.96 -8 -11.18 -10.19 -10.91 -12 curveto
-10.65 -13.78 -9.25 -20.27 -9.17 -21.45 curveto stroke
newpath 5.83 -22.41 moveto
5.83 -22.41 8.43 -17.42 8.18 -15.11 curveto
7.94 -12.84 5.65 -9.07 4.73 -6.45 curveto
3.81 -3.84 4.27 -0.56 3.97 0.51 curveto
3.66 1.56 3.6 3.26 3.23 4.2 curveto
2.86 5.13 3.83 8.69 3.53 10.02 curveto
3.24 11.33 3.64 16.12 3.99 17.31 curveto stroke
newpath -3.98 19.13 moveto
-3.98 19.13 -2.46 17.06 -2.75 14.06 curveto
-3 11.5 -3.21 11.63 -5.86 11.72 curveto
-8.46 11.8 -7.77 3.27 -9.15 3.59 curveto
-10.52 3.9 -16.95 3.7 -16.95 3.7 curveto
-16.95 3.7 -24.78 5.06 -25.35 3.69 curveto
-26.07 1.96 -28.2 1.65 -28.92 1.1 curveto
-29.63 0.55 -33.56 -2.94 -34.37 -2.75 curveto
-35.18 -2.57 -41.68 -4.29 -42.04 -2.67 curveto
-42.4 -1.05 -40.55 0.1 -41.27 0.56 curveto
-41.99 1.01 -48.25 2.95 -48.96 3.22 curveto
-49.68 3.49 -54.37 7.14 -55.45 7.5 curveto
-56.53 7.85 -59.94 9.86 -61.74 11.04 curveto
-63.55 12.22 -66.66 14.67 -66.66 14.67 curveto stroke
 0 0.175 dtransform truncate idtransform setlinewidth pop
newpath 0.26 18.03 moveto
0.76532 17.25926 0.8772 16.2534 0.21547 15.70029 curveto
-0.40822 15.17896 -0.2731 14.26031 -0.45 13.48 curveto
-0.45 13.48 lineto stroke
newpath -0.80243 15.4487 moveto
-0.9232 14.82083 -0.56442 14.14742 -0.45 13.48 curveto
-0.45 13.48 lineto
-0.45 13.48 lineto
-0.05896 14.03282 0.16353 14.7627 0.6929 15.12128 curveto
 closepath stroke
newpath -0.80243 15.4487 moveto
-0.9232 14.82083 -0.56442 14.14742 -0.45 13.48 curveto
-0.45 13.48 lineto
-0.45 13.48 lineto
-0.05896 14.03282 0.16353 14.7627 0.6929 15.12128 curveto
 closepath fill
newpath -59.04 6.5 moveto
-58.4074 7.2259 -57.28804 6.57715 -56.61081 5.54135 curveto
-55.99484 4.59926 -54.95769 3.9572 -54.19412 4.55167 curveto
-53.23355 5.29948 -51.84462 4.68227 -51.79977 3.50941 curveto
-51.76167 2.51288 -50.64948 1.96251 -49.55853 2.19562 curveto
-48.581 2.40451 -47.74858 1.5103 -47.6438 0.41972 curveto
-47.53705 -0.69136 -46.66458 -1.58022 -45.69452 -1.31784 curveto
-44.76917 -1.06757 -44.23753 -2.13683 -43.67392 -2.97212 curveto
-43.12177 -3.79045 -42.47086 -4.69202 -41.55092 -4.4912 curveto
-40.64009 -4.29236 -39.86827 -5.00792 -39.27368 -5.76453 curveto
-38.70863 -6.48355 -37.67953 -6.36935 -36.77 -6.45 curveto
-36.77 -6.45 lineto stroke
newpath -38.7058 -6.95273 moveto
-38.08032 -6.97917 -37.41531 -6.65263 -36.77 -6.45 curveto
-36.77 -6.45 lineto
-36.77 -6.45 lineto
-37.3696 -6.13698 -38.07071 -5.89763 -38.49428 -5.43665 curveto
 closepath stroke
newpath -38.7058 -6.95273 moveto
-38.08032 -6.97917 -37.41531 -6.65263 -36.77 -6.45 curveto
-36.77 -6.45 lineto
-36.77 -6.45 lineto
-37.3696 -6.13698 -38.07071 -5.89763 -38.49428 -5.43665 curveto
 closepath fill
newpath 6.13 0.92 moveto
43.81 1.08 lineto stroke
newpath 43.81 1.08 moveto
68.4 25.72 lineto stroke
newpath -28.78 -0.34 moveto
-28.48424 0.83513 -27.51591 1.68246 -26.69504 1.17462 curveto
-25.74205 0.58504 -24.4987 0.97797 -24.24916 1.99368 curveto
-24.02261 2.91577 -22.75275 2.6822 -21.66946 2.08882 curveto
-20.82481 1.62616 -19.87624 1.09317 -19.12325 1.6376 curveto
-18.28613 2.24287 -17.10373 1.82654 -16.66315 0.83582 curveto
-16.28226 -0.02066 -15.15 0.11453 -14.27 -0.15 curveto
-14.27 -0.15 lineto stroke
newpath -16.24776 -0.44739 moveto
-15.64836 -0.53351 -14.9378 -0.21747 -14.27 -0.15 curveto
-14.27 -0.15 lineto
-14.27 -0.15 lineto
-14.78992 0.2745 -15.51582 0.5535 -15.87877 1.03824 curveto
 closepath stroke
newpath -16.24776 -0.44739 moveto
-15.64836 -0.53351 -14.9378 -0.21747 -14.27 -0.15 curveto
-14.27 -0.15 lineto
-14.27 -0.15 lineto
-14.78992 0.2745 -15.51582 0.5535 -15.87877 1.03824 curveto
 closepath fill
newpath 18.79 -12.47 moveto
66.32 -13.02 lineto stroke
showpage
%%EOF
